UCI FJX v6.8e JPL10+IUPAC 2/2016 fixes - re-integr of O3, qO1D, NO2 direct w/o 77-bin data
NW-JValues   10   18  NQQQ,NWWW - nominally NJVAL = NQQQ (# Xsects)
w-eff (nm)      187.      191.      193.      196.      202.      208.
                211.      214.      261.      267.      277.      295.
                303.      310.      316.      333.      380.      574.
SOL#/cm2/s 1.391E+12 1.627E+12 1.664E+12 9.278E+11 7.842E+12 4.680E+12 SUSIM average
           9.918E+12 1.219E+13 6.364E+14 4.049E+14 3.150E+14 5.889E+14 11Nov94 low
           7.678E+14 5.045E+14 8.902E+14 3.853E+15 1.547E+16 2.131E+17 29Mar92 high
Raylay cm2 5.073E-25 4.479E-25 4.196E-25 3.906E-25 3.355E-25 2.929E-25
           2.736E-25 2.581E-25 1.049E-25 9.492E-26 8.103E-26 6.131E-26
           5.422E-26 4.923E-26 4.514E-26 3.643E-26 2.087E-26 3.848E-27
O2     180 1.727E-21 1.989E-22 3.004E-23 9.833E-24 7.306E-24 6.827E-24  J10X
           6.238E-24 5.748E-24 1.153E-25 5.030E-25 4.150E-25 0.000E+00 corr.bin8
           0.000E+00 0.000E+00 0.000E+00 0.000E+00 0.000E+00 0.000E+00
O2     260 2.273E-21 3.070E-22 4.943E-23 1.408E-23 7.688E-24 6.827E-24  J10X
           6.238E-24 5.888E-24 1.153E-25 5.030E-25 4.150E-25 0.000E+00
           0.000E+00 0.000E+00 0.000E+00 0.000E+00 0.000E+00 0.000E+00
O2     300 2.763E-21 4.269E-22 7.478E-23 2.100E-23 8.350E-24 6.827E-24  J10X
           6.238E-24 5.994E-24 1.153E-25 5.030E-25 4.150E-25 0.000E+00
           0.000E+00 0.000E+00 0.000E+00 0.000E+00 0.000E+00 0.000E+00
O3     218 5.989E-19 4.856E-19 4.307E-19 3.653E-19 3.410E-19 4.849E-19  J10x
           6.534E-19 9.320E-19 8.759E-18 3.511E-18 1.508E-18 7.924E-19  +IUPA
           2.456E-19 8.902E-20 3.659E-20 4.539E-21 6.165E-23 1.666E-21    2/2013
O3     258 5.991E-19 4.860E-19 4.314E-19 3.666E-19 3.422E-19 4.844E-19  J10x
           6.518E-19 9.299E-19 8.832E-18 3.565E-18 1.548E-18 8.272E-19   +2/2016
           2.623E-19 9.770E-20 4.156E-20 5.554E-21 6.165E-23 1.666E-21
O3     298 5.992E-19 4.863E-19 4.321E-19 3.678E-19 3.432E-19 4.840E-19  J10x
           6.504E-19 9.279E-19 8.899E-18 3.615E-18 1.585E-18 8.594E-19
           2.778E-19 1.057E-19 4.615E-20 6.493E-21 6.165E-23 1.666E-21
O3(1D) 218 4.897E-01 5.074E-01 5.268E-01 5.649E-01 6.557E-01 7.358E-01  J10x
           7.768E-01 8.169E-01 9.000E-01 9.000E-01 8.984E-01 9.000E-01   3/2013
           8.945E-01 4.680E-01 1.018E-01 7.764E-02 0.000E+00 0.000E+00   +2/2016
O3(1D) 258 4.897E-01 5.074E-01 5.270E-01 5.650E-01 6.556E-01 7.358E-01  J10x
           7.768E-01 8.168E-01 9.000E-01 9.000E-01 8.985E-01 9.000E-01   re-do w/correct
           8.951E-01 5.024E-01 1.438E-01 8.392E-02 0.000E+00 0.000E+00   T for XO3
O3(1D) 298 4.897E-01 5.075E-01 5.271E-01 5.651E-01 6.556E-01 7.358E-01  J10x
           7.768E-01 8.168E-01 9.000E-01 9.000E-01 8.985E-01 9.000E-01
           8.966E-01 5.647E-01 2.300E-01 9.686E-02 0.000E+00 0.000E+00
MB2o   298 2.398E-18 5.909E-18 2.109E-17 2.630E-17 2.700E-18 8.795E-20
           3.246E-19 4.153E-18 2.018E-18 4.136E-19 1.384E-19 2.062E-20
           3.291E-21 3.036E-21 1.812E-21 7.754E-23 1.890E-32 0.000E+00
MB2    298 7.377E-18 1.277E-17 1.420E-17 2.398E-17 5.911E-18 7.022E-20
           1.790E-19 9.462E-19 1.307E-18 8.661E-19 2.559E-19 1.339E-20
           3.612E-21 3.036E-21 2.002E-21 8.133E-23 0.000E+00 0.000E+00
MC2    298 1.196E-17 2.628E-18 3.410E-18 4.821E-18 4.705E-18 4.036E-18
           4.403E-18 1.224E-18 5.304E-20 3.812E-21 1.806E-22 6.766E-26
           4.090E-34 0.000E+00 0.000E+00 0.000E+00 0.000E+00 0.000E+00
MBNO2o 298 2.573E-17 7.255E-17 8.238E-17 8.267E-17 8.860E-17 3.930E-17
           2.293E-17 9.867E-18 2.217E-17 2.124E-17 9.667E-18 5.103E-18
           2.748E-18 2.286E-18 1.282E-18 1.850E-19 2.749E-21 5.010E-25
MBNO2  298 4.192E-17 6.266E-17 7.295E-17 8.262E-17 8.345E-17 3.981E-17
           2.603E-17 1.515E-17 2.046E-17 8.863E-18 7.027E-18 4.293E-18
           2.757E-18 2.357E-18 1.391E-18 1.883E-19 2.825E-21 2.124E-25
MBHO2o 298 6.620E-18 4.348E-18 4.609E-18 5.367E-18 5.925E-18 6.967E-18
           7.355E-18 1.028E-17 1.205E-17 9.125E-18 5.986E-18 6.565E-18
           4.884E-18 4.679E-18 4.111E-18 1.974E-18 5.729E-19 8.642E-20
MBHO2  298 6.006E-18 5.168E-18 4.960E-18 5.080E-18 6.027E-18 7.618E-18
           6.847E-18 8.022E-18 1.033E-17 6.351E-18 4.745E-18 7.724E-18
           5.089E-18 4.577E-18 4.260E-18 1.999E-18 5.671E-19 3.834E-20
MBBROo 298 2.349E-17 2.581E-17 1.542E-17 1.418E-17 1.247E-17 1.102E-17
           1.350E-17 1.212E-17 3.728E-18 1.299E-18 4.577E-19 1.600E-19
           8.298E-20 9.521E-20 2.753E-19 5.879E-18 1.276E-18 2.102E-20
MBBRO  298 2.262E-17 2.240E-17 2.081E-17 1.475E-17 1.224E-17 1.069E-17
           1.303E-17 1.349E-17 2.622E-18 2.640E-18 1.092E-18 1.399E-19
           8.558E-20 8.570E-20 2.547E-19 5.861E-18 1.255E-18 1.035E-20
MBCLOo 298 2.455E-17 2.027E-17 1.312E-17 1.059E-17 8.677E-18 6.429E-18
           7.354E-18 9.187E-18 2.496E-18 1.515E-18 7.568E-19 5.348E-18
           1.759E-17 1.751E-17 1.247E-17 3.372E-18 4.514E-20 2.943E-21
MBCLO  298 2.223E-17 1.903E-17 1.611E-17 1.151E-17 9.187E-18 6.210E-18
           6.439E-18 1.046E-17 2.028E-18 2.264E-18 3.768E-18 5.995E-18
           1.656E-17 1.802E-17 1.292E-17 3.415E-18 4.503E-20 1.326E-21
MBOHo  298 7.137E-18 4.868E-18 8.185E-18 1.046E-17 5.688E-18 3.124E-18
           4.701E-18 5.725E-18 9.524E-19 5.637E-19 3.258E-19 6.907E-20
           2.855E-20 7.930E-20 6.174E-21 1.946E-22 4.423E-26 0.000E+00
MBOH   298 6.349E-18 7.899E-18 8.668E-18 9.598E-18 5.941E-18 2.969E-18
           4.397E-18 4.864E-18 8.335E-19 1.482E-18 4.967E-19 7.102E-20
           2.694E-20 8.453E-20 1.259E-20 2.001E-22 9.208E-26 0.000E+00
MB     298 0.000E+00 0.000E+00 0.000E+00 0.000E+00 0.000E+00 0.000E+00
           0.000E+00 0.000E+00 0.000E+00 0.000E+00 0.000E+00 0.000E+00
           0.000E+00 0.000E+00 0.000E+00 0.000E+00 0.000E+00 3.628E-19
MO     298 0.000E+00 0.000E+00 0.000E+00 0.000E+00 0.000E+00 0.000E+00
           0.000E+00 0.000E+00 0.000E+00 0.000E+00 0.000E+00 0.000E+00
           0.000E+00 0.000E+00 0.000E+00 0.000E+00 0.000E+00 1.331E-19
NO2    200 0.000E+00 0.000E+00 0.000E+00 0.000E+00 0.000E+00 0.000E+00  J10
           0.000E+00 0.000E+00 1.835E-20 4.693E-20 7.705E-20 1.078E-19
           1.470E-19 1.832E-19 2.181E-19 3.138E-19 4.321E-19 1.386E-22
NO2    294 0.000E+00 0.000E+00 0.000E+00 0.000E+00 0.000E+00 0.000E+00  J10
           0.000E+00 0.000E+00 2.313E-20 4.694E-20 7.553E-20 1.063E-19
           1.477E-19 1.869E-19 2.295E-19 3.448E-19 4.643E-19 4.345E-22
BrO    300 0.000E+00 0.000E+00 0.000E+00 0.000E+00 0.000E+00 0.000E+00  J10
           0.000E+00 0.000E+00 0.000E+00 5.620E-19 1.202E-18 2.008E-18
           3.239E-18 4.520E-18 5.064E-18 5.809E-18 7.350E-19 0.000E+00
ClO    300 0.000E+00 0.000E+00 0.000E+00 0.000E+00 0.000E+00 0.000E+00  J10
           0.000E+00 0.000E+00 4.737E-18 3.262E-18 1.858E-18 1.428E-18
           5.982E-19 3.548E-19 1.427E-19 0.000E+00 0.000E+00 0.000E+00
endofJ


---------must have the two blank lines above to closeout the reading-------------
