ORGANICS (OC) full optics from GADS w/ mod (DAR 07/12)
 w(nm)  RH       N         iK  RgDry  RgWet      Sg       Q  Alpha  r-eff ss-alb  g-sym pi(0) pi(1) pi(2) pi(3) pi(4) pi(5) pi(6) pi(7)
  250   00  1.5300 -0.107E+00  0.064  0.064    1.60  2.4147  7.451  0.110  0.656  0.739 1.000 2.218 2.532 2.275 1.806 1.343 0.952 0.658
  300   00  1.5300 -0.730E-01  0.064  0.064    1.60  2.0957  6.467  0.110  0.730  0.702 1.000 2.105 2.265 1.876 1.372 0.933 0.608 0.385
  350   00  1.5300 -0.528E-01  0.064  0.064    1.60  1.7530  5.409  0.110  0.783  0.669 1.000 2.008 2.055 1.583 1.079 0.679 0.413 0.242
  400   00  1.5300 -0.399E-01  0.064  0.064    1.60  1.4391  4.441  0.110  0.820  0.640 1.000 1.920 1.880 1.352 0.867 0.508 0.292 0.159
  450   00  1.5300 -0.312E-01  0.064  0.064    1.60  1.1721  3.617  0.110  0.847  0.612 1.000 1.837 1.729 1.166 0.706 0.387 0.211 0.108
  500   00  1.5300 -0.250E-01  0.064  0.064    1.60  0.9530  2.940  0.110  0.867  0.586 1.000 1.757 1.598 1.012 0.581 0.299 0.156 0.075
  550   00  1.5300 -0.205E-01  0.064  0.064    1.60  0.7762  2.395  0.110  0.881  0.560 1.000 1.680 1.483 0.883 0.481 0.233 0.116 0.053
  600   00  1.5300 -0.600E-02  0.064  0.064    1.60  0.6100  1.882  0.110  0.960  0.534 1.000 1.602 1.382 0.773 0.403 0.184 0.089 0.038
  650   00  1.5300 -0.700E-02  0.064  0.064    1.60  0.5050  1.558  0.110  0.950  0.510 1.000 1.531 1.292 0.683 0.338 0.147 0.068 0.028
  700   00  1.5300 -0.700E-02  0.064  0.064    1.60  0.4192  1.293  0.110  0.946  0.487 1.000 1.461 1.213 0.606 0.285 0.118 0.052 0.021
  750   00  1.5300 -0.850E-02  0.064  0.064    1.60  0.3533  1.090  0.110  0.930  0.464 1.000 1.393 1.142 0.539 0.242 0.095 0.040 0.015
  800   00  1.5200 -0.100E-01  0.064  0.064    1.60  0.2903  0.896  0.110  0.909  0.442 1.000 1.327 1.082 0.486 0.208 0.078 0.032 0.012
  900   00  1.5200 -0.130E-01  0.064  0.064    1.60  0.2156  0.665  0.110  0.867  0.400 1.000 1.201 0.973 0.393 0.152 0.052 0.020 0.007
 1000   00  1.5200 -0.155E-01  0.064  0.064    1.60  0.1648  0.509  0.110  0.822  0.362 1.000 1.086 0.887 0.324 0.114 0.036 0.013 0.004
 1250   00  1.5100 -0.190E-01  0.064  0.064    1.60  0.0900  0.278  0.110  0.706  0.281 1.000 0.843 0.740 0.213 0.059 0.015 0.005 0.001
 1500   00  1.5100 -0.225E-01  0.064  0.064    1.60  0.0587  0.181  0.110  0.580  0.222 1.000 0.665 0.654 0.150 0.033 0.007 0.002 0.000
 1750   00  1.4700 -0.175E-01  0.064  0.064    1.60  0.0330  0.102  0.110  0.512  0.174 1.000 0.521 0.600 0.113 0.020 0.004 0.001 0.000
 2000   00  1.4200 -0.800E-02  0.064  0.064    1.60  0.0148  0.046  0.110  0.565  0.137 1.000 0.411 0.566 0.088 0.013 0.002 0.000 0.000
 2500   00  1.4200 -0.120E-01  0.064  0.064    1.60  0.0111  0.034  0.110  0.325  0.094 1.000 0.283 0.533 0.058 0.006 0.001 0.000 0.000
 3000   00  1.4200 -0.220E-01  0.064  0.064    1.60  0.0130  0.040  0.110  0.137  0.068 1.000 0.205 0.518 0.041 0.003 0.000 0.000 0.000
 3200   00  1.4300 -0.800E-02  0.064  0.064    1.60  0.0052  0.016  0.110  0.276  0.061 1.000 0.183 0.514 0.036 0.002 0.000 0.000 0.000
 3390   00  1.4300 -0.705E-02  0.064  0.064    1.60  0.0043  0.013  0.110  0.269  0.055 1.000 0.165 0.512 0.033 0.002 0.000 0.000 0.000
 3500   00  1.4500 -0.500E-02  0.064  0.064    1.60  0.0032  0.010  0.110  0.343  0.052 1.000 0.157 0.510 0.031 0.002 0.000 0.000 0.000
 3750   00  1.4520 -0.400E-02  0.064  0.064    1.60  0.0024  0.007  0.110  0.350  0.046 1.000 0.139 0.508 0.027 0.001 0.000 0.000 0.000
 4000   00  1.4550 -0.500E-02  0.064  0.064    1.60  0.0025  0.008  0.110  0.266  0.041 1.000 0.123 0.506 0.024 0.001 0.000 0.000 0.000
 4500   00  1.4600 -0.130E-01  0.064  0.064    1.60  0.0046  0.014  0.110  0.092  0.033 1.000 0.098 0.504 0.019 0.001 0.000 0.000 0.000
 5000   00  1.4500 -0.120E-01  0.064  0.064    1.60  0.0038  0.012  0.110  0.071  0.027 1.000 0.080 0.503 0.015 0.000 0.000 0.000 0.000
 5500   00  1.4400 -0.180E-01  0.064  0.064    1.60  0.0050  0.015  0.110  0.036  0.022 1.000 0.066 0.502 0.013 0.000 0.000 0.000 0.000
 6000   00  1.4100 -0.230E-01  0.064  0.064    1.60  0.0058  0.018  0.110  0.019  0.018 1.000 0.055 0.501 0.011 0.000 0.000 0.000 0.000
 6200   00  1.4300 -0.270E-01  0.064  0.064    1.60  0.0065  0.020  0.110  0.016  0.017 1.000 0.052 0.501 0.010 0.000 0.000 0.000 0.000
 6500   00  1.4600 -0.330E-01  0.064  0.064    1.60  0.0074  0.023  0.110  0.013  0.016 1.000 0.048 0.501 0.009 0.000 0.000 0.000 0.000
 7200   00  1.4000 -0.700E-01  0.064  0.064    1.60  0.0146  0.045  0.110  0.004  0.013 1.000 0.038 0.501 0.008 0.000 0.000 0.000 0.000
 7900   00  1.2000 -0.650E-01  0.064  0.064    1.60  0.0140  0.043  0.110  0.001  0.010 1.000 0.029 0.500 0.006 0.000 0.000 0.000 0.000
 8200   00  1.0100 -0.100E+00  0.064  0.064    1.60  0.0225  0.070  0.110  0.000  0.008 1.000 0.025 0.500 0.006 0.000 0.000 0.000 0.000
 8500   00  1.3000 -0.215E+00  0.064  0.064    1.60  0.0405  0.125  0.110  0.001  0.009 1.000 0.026 0.500 0.006 0.000 0.000 0.000 0.000
 8700   00  2.4000 -0.290E+00  0.064  0.064    1.60  0.0225  0.069  0.110  0.007  0.015 1.000 0.045 0.501 0.005 0.000 0.000 0.000 0.000
 9000   00  2.5600 -0.370E+00  0.064  0.064    1.60  0.0242  0.075  0.110  0.007  0.015 1.000 0.045 0.501 0.005 0.000 0.000 0.000 0.000
 9200   00  2.2000 -0.420E+00  0.064  0.064    1.60  0.0356  0.110  0.110  0.003  0.012 1.000 0.035 0.500 0.004 0.000 0.000 0.000 0.000
 9500   00  1.9500 -0.160E+00  0.064  0.064    1.60  0.0164  0.051  0.110  0.004  0.010 1.000 0.029 0.500 0.004 0.000 0.000 0.000 0.000
 9800   00  1.8700 -0.950E-01  0.064  0.064    1.60  0.0101  0.031  0.110  0.005  0.009 1.000 0.026 0.500 0.004 0.000 0.000 0.000 0.000
10000   00  1.8200 -0.900E-01  0.064  0.064    1.60  0.0098  0.030  0.110  0.005  0.008 1.000 0.025 0.500 0.004 0.000 0.000 0.000 0.000
10600   00  1.7600 -0.700E-01  0.064  0.064    1.60  0.0075  0.023  0.110  0.004  0.007 1.000 0.021 0.500 0.003 0.000 0.000 0.000 0.000
11000   00  1.7200 -0.500E-01  0.064  0.064    1.60  0.0054  0.017  0.110  0.005  0.006 1.000 0.019 0.500 0.003 0.000 0.000 0.000 0.000
11500   00  1.6700 -0.470E-01  0.064  0.064    1.60  0.0050  0.015  0.110  0.004  0.006 1.000 0.017 0.500 0.003 0.000 0.000 0.000 0.000
12500   00  1.6200 -0.530E-01  0.064  0.064    1.60  0.0054  0.017  0.110  0.002  0.005 1.000 0.014 0.500 0.003 0.000 0.000 0.000 0.000
13000   00  1.6200 -0.550E-01  0.064  0.064    1.60  0.0054  0.017  0.110  0.002  0.004 1.000 0.013 0.500 0.002 0.000 0.000 0.000 0.000
14000   00  1.5600 -0.730E-01  0.064  0.064    1.60  0.0069  0.021  0.110  0.001  0.004 1.000 0.011 0.500 0.002 0.000 0.000 0.000 0.000
14800   00  1.4400 -0.100E+00  0.064  0.064    1.60  0.0098  0.030  0.110  0.000  0.003 1.000 0.009 0.500 0.002 0.000 0.000 0.000 0.000
15000   00  1.4200 -0.200E+00  0.064  0.064    1.60  0.0196  0.060  0.110  0.000  0.003 1.000 0.009 0.500 0.002 0.000 0.000 0.000 0.000
16400   00  1.7500 -0.160E+00  0.064  0.064    1.60  0.0111  0.034  0.110  0.001  0.003 1.000 0.009 0.500 0.001 0.000 0.000 0.000 0.000
17200   00  2.0800 -0.242E+00  0.064  0.064    1.60  0.0122  0.037  0.110  0.001  0.003 1.000 0.009 0.500 0.001 0.000 0.000 0.000 0.000
18000   00  1.9800 -0.180E+00  0.064  0.064    1.60  0.0094  0.029  0.110  0.001  0.003 1.000 0.008 0.500 0.001 0.000 0.000 0.000 0.000
18500   00  1.8500 -0.170E+00  0.064  0.064    1.60  0.0096  0.030  0.110  0.000  0.002 1.000 0.007 0.500 0.001 0.000 0.000 0.000 0.000
20000   00  2.1200 -0.220E+00  0.064  0.064    1.60  0.0092  0.028  0.110  0.000  0.002 1.000 0.007 0.500 0.001 0.000 0.000 0.000 0.000
21300   00  2.0600 -0.230E+00  0.064  0.064    1.60  0.0095  0.029  0.110  0.000  0.002 1.000 0.006 0.500 0.001 0.000 0.000 0.000 0.000
22500   00  2.0000 -0.240E+00  0.064  0.064    1.60  0.0098  0.030  0.110  0.000  0.002 1.000 0.005 0.500 0.001 0.000 0.000 0.000 0.000
25000   00  1.8800 -0.280E+00  0.064  0.064    1.60  0.0114  0.035  0.110  0.000  0.001 1.000 0.004 0.500 0.001 0.000 0.000 0.000 0.000
27900   00  1.8400 -0.290E+00  0.064  0.064    1.60  0.0109  0.034  0.110  0.000  0.001 1.000 0.003 0.500 0.000 0.000 0.000 0.000 0.000
30000   00  1.8200 -0.300E+00  0.064  0.064    1.60  0.0107  0.033  0.110  0.000  0.001 1.000 0.003 0.500 0.000 0.000 0.000 0.000 0.000
35000   00  1.9200 -0.400E+00  0.064  0.064    1.60  0.0111  0.034  0.110  0.000  0.001 1.000 0.002 0.500 0.000 0.000 0.000 0.000 0.000
40000   00  1.8600 -0.500E+00  0.064  0.064    1.60  0.0127  0.039  0.110  0.000  0.001 1.000 0.002 0.500 0.000 0.000 0.000 0.000 0.000
  250   50  1.4510 -0.107E+00  0.064  0.079    1.60  2.4428  6.099  0.137  0.633  0.793 1.000 2.379 2.948 2.901 2.541 2.079 1.621 1.230
  300   50  1.4450 -0.730E-01  0.064  0.079    1.60  2.1624  5.399  0.137  0.707  0.762 1.000 2.285 2.696 2.481 2.026 1.537 1.111 0.782
  350   50  1.4420 -0.528E-01  0.064  0.079    1.60  1.8444  4.605  0.137  0.763  0.733 1.000 2.200 2.488 2.156 1.657 1.176 0.799 0.527
  400   50  1.4400 -0.399E-01  0.064  0.079    1.60  1.5417  3.849  0.137  0.803  0.707 1.000 2.121 2.307 1.888 1.375 0.919 0.591 0.368
  450   50  1.4390 -0.312E-01  0.064  0.079    1.60  1.2789  3.193  0.137  0.832  0.681 1.000 2.044 2.143 1.661 1.150 0.726 0.445 0.263
  500   50  1.4380 -0.250E-01  0.064  0.079    1.60  1.0572  2.639  0.137  0.853  0.657 1.000 1.970 1.995 1.467 0.968 0.579 0.340 0.191
  550   50  1.4370 -0.205E-01  0.064  0.079    1.60  0.8742  2.183  0.137  0.870  0.632 1.000 1.897 1.862 1.300 0.819 0.466 0.262 0.141
  600   50  1.4370 -0.318E-02  0.064  0.079    1.60  0.6914  1.726  0.137  0.976  0.606 1.000 1.819 1.741 1.153 0.697 0.377 0.205 0.105
  650   50  1.4360 -0.371E-02  0.064  0.079    1.60  0.5772  1.441  0.137  0.970  0.584 1.000 1.751 1.631 1.029 0.595 0.307 0.161 0.079
  700   50  1.4360 -0.371E-02  0.064  0.079    1.60  0.4855  1.212  0.137  0.968  0.561 1.000 1.683 1.531 0.920 0.509 0.252 0.127 0.060
  750   50  1.4360 -0.450E-02  0.064  0.079    1.60  0.4128  1.031  0.137  0.958  0.539 1.000 1.616 1.439 0.826 0.437 0.207 0.100 0.046
  800   50  1.4300 -0.530E-02  0.064  0.079    1.60  0.3444  0.860  0.137  0.947  0.517 1.000 1.551 1.360 0.746 0.379 0.172 0.081 0.036
  900   50  1.4300 -0.689E-02  0.064  0.079    1.60  0.2575  0.643  0.137  0.922  0.474 1.000 1.423 1.215 0.609 0.284 0.119 0.052 0.022
 1000   50  1.4290 -0.821E-02  0.064  0.079    1.60  0.1963  0.490  0.137  0.894  0.435 1.000 1.304 1.097 0.503 0.216 0.084 0.034 0.013
 1250   50  1.4220 -0.101E-01  0.064  0.079    1.60  0.1059  0.264  0.137  0.822  0.348 1.000 1.045 0.886 0.331 0.116 0.038 0.013 0.005
 1500   50  1.4210 -0.120E-01  0.064  0.079    1.60  0.0660  0.165  0.137  0.732  0.281 1.000 0.844 0.756 0.231 0.066 0.018 0.006 0.002
 1750   50  1.3960 -0.932E-02  0.064  0.079    1.60  0.0370  0.092  0.137  0.692  0.227 1.000 0.681 0.674 0.172 0.041 0.010 0.003 0.001
 2000   50  1.3660 -0.476E-02  0.064  0.079    1.60  0.0188  0.047  0.137  0.734  0.185 1.000 0.554 0.620 0.133 0.026 0.005 0.001 0.000
 2500   50  1.3450 -0.718E-02  0.064  0.079    1.60  0.0114  0.028  0.137  0.482  0.129 1.000 0.386 0.561 0.087 0.012 0.002 0.000 0.000
 3000   50  1.3970 -0.140E+00  0.064  0.079    1.60  0.0945  0.236  0.137  0.042  0.095 1.000 0.286 0.533 0.060 0.006 0.001 0.000 0.000
 3200   50  1.4530 -0.477E-01  0.064  0.079    1.60  0.0317  0.079  0.137  0.115  0.090 1.000 0.270 0.529 0.054 0.005 0.001 0.000 0.000
 3390   50  1.4270 -0.146E-01  0.064  0.079    1.60  0.0108  0.027  0.137  0.241  0.080 1.000 0.241 0.524 0.049 0.004 0.000 0.000 0.000
 3500   50  1.4260 -0.707E-02  0.064  0.079    1.60  0.0061  0.015  0.137  0.374  0.076 1.000 0.228 0.522 0.046 0.004 0.000 0.000 0.000
 3750   50  1.4130 -0.377E-02  0.064  0.079    1.60  0.0036  0.009  0.137  0.464  0.067 1.000 0.200 0.517 0.040 0.003 0.000 0.000 0.000
 4000   50  1.4060 -0.481E-02  0.064  0.079    1.60  0.0035  0.009  0.137  0.353  0.059 1.000 0.177 0.513 0.036 0.002 0.000 0.000 0.000
 4500   50  1.4000 -0.132E-01  0.064  0.079    1.60  0.0063  0.016  0.137  0.121  0.047 1.000 0.142 0.509 0.029 0.002 0.000 0.000 0.000
 5000   50  1.3910 -0.122E-01  0.064  0.079    1.60  0.0051  0.013  0.137  0.095  0.039 1.000 0.116 0.506 0.023 0.001 0.000 0.000 0.000
 5500   50  1.3730 -0.150E-01  0.064  0.079    1.60  0.0055  0.014  0.137  0.055  0.032 1.000 0.096 0.504 0.019 0.001 0.000 0.000 0.000
 6000   50  1.3420 -0.625E-01  0.064  0.079    1.60  0.0204  0.051  0.137  0.009  0.026 1.000 0.079 0.503 0.016 0.001 0.000 0.000 0.000
 6200   50  1.3980 -0.557E-01  0.064  0.079    1.60  0.0170  0.042  0.137  0.013  0.026 1.000 0.077 0.503 0.015 0.000 0.000 0.000 0.000
 6500   50  1.4030 -0.359E-01  0.064  0.079    1.60  0.0105  0.026  0.137  0.017  0.023 1.000 0.070 0.502 0.014 0.000 0.000 0.000 0.000
 7200   50  1.3590 -0.522E-01  0.064  0.079    1.60  0.0140  0.035  0.137  0.007  0.019 1.000 0.056 0.501 0.012 0.000 0.000 0.000 0.000
 7900   50  1.2440 -0.504E-01  0.064  0.079    1.60  0.0131  0.033  0.137  0.003  0.015 1.000 0.044 0.501 0.010 0.000 0.000 0.000 0.000
 8200   50  1.1400 -0.695E-01  0.064  0.079    1.60  0.0183  0.046  0.137  0.001  0.013 1.000 0.039 0.501 0.009 0.000 0.000 0.000 0.000
 8500   50  1.2900 -0.131E+00  0.064  0.079    1.60  0.0308  0.077  0.137  0.001  0.013 1.000 0.039 0.501 0.008 0.000 0.000 0.000 0.000
 8700   50  1.8700 -0.172E+00  0.064  0.079    1.60  0.0257  0.064  0.137  0.008  0.017 1.000 0.051 0.501 0.008 0.000 0.000 0.000 0.000
 9000   50  1.9500 -0.215E+00  0.064  0.079    1.60  0.0290  0.073  0.137  0.007  0.017 1.000 0.050 0.501 0.007 0.000 0.000 0.000 0.000
 9200   50  1.7560 -0.242E+00  0.064  0.079    1.60  0.0373  0.093  0.137  0.004  0.014 1.000 0.043 0.501 0.007 0.000 0.000 0.000 0.000
 9500   50  1.6180 -0.106E+00  0.064  0.079    1.60  0.0176  0.044  0.137  0.005  0.012 1.000 0.037 0.501 0.007 0.000 0.000 0.000 0.000
 9800   50  1.5690 -0.728E-01  0.064  0.079    1.60  0.0122  0.031  0.137  0.005  0.011 1.000 0.034 0.501 0.006 0.000 0.000 0.000 0.000
10000   50  1.5370 -0.716E-01  0.064  0.079    1.60  0.0121  0.030  0.137  0.004  0.011 1.000 0.032 0.500 0.006 0.000 0.000 0.000 0.000
10600   50  1.4870 -0.688E-01  0.064  0.079    1.60  0.0113  0.028  0.137  0.003  0.009 1.000 0.028 0.500 0.005 0.000 0.000 0.000 0.000
11000   50  1.4530 -0.720E-01  0.064  0.079    1.60  0.0117  0.029  0.137  0.002  0.009 1.000 0.026 0.500 0.005 0.000 0.000 0.000 0.000
11500   50  1.4140 -0.917E-01  0.064  0.079    1.60  0.0146  0.036  0.137  0.001  0.008 1.000 0.023 0.500 0.005 0.000 0.000 0.000 0.000
12500   50  1.3860 -0.150E+00  0.064  0.079    1.60  0.0224  0.056  0.137  0.001  0.006 1.000 0.019 0.500 0.004 0.000 0.000 0.000 0.000
13000   50  1.3970 -0.173E+00  0.064  0.079    1.60  0.0246  0.061  0.137  0.001  0.006 1.000 0.018 0.500 0.004 0.000 0.000 0.000 0.000
14000   50  1.3950 -0.213E+00  0.064  0.079    1.60  0.0281  0.070  0.137  0.000  0.005 1.000 0.015 0.500 0.003 0.000 0.000 0.000 0.000
14800   50  1.3540 -0.239E+00  0.064  0.079    1.60  0.0308  0.077  0.137  0.000  0.004 1.000 0.013 0.500 0.003 0.000 0.000 0.000 0.000
15000   50  1.3490 -0.295E+00  0.064  0.079    1.60  0.0376  0.094  0.137  0.000  0.004 1.000 0.013 0.500 0.003 0.000 0.000 0.000 0.000
16400   50  1.5600 -0.285E+00  0.064  0.079    1.60  0.0284  0.071  0.137  0.000  0.004 1.000 0.012 0.500 0.002 0.000 0.000 0.000 0.000
17200   50  1.7540 -0.330E+00  0.064  0.079    1.60  0.0267  0.067  0.137  0.000  0.004 1.000 0.012 0.500 0.002 0.000 0.000 0.000 0.000
18000   50  1.7180 -0.296E+00  0.064  0.079    1.60  0.0236  0.059  0.137  0.000  0.004 1.000 0.011 0.500 0.002 0.000 0.000 0.000 0.000
18500   50  1.6590 -0.288E+00  0.064  0.079    1.60  0.0235  0.059  0.137  0.000  0.003 1.000 0.010 0.500 0.002 0.000 0.000 0.000 0.000
20000   50  1.8190 -0.301E+00  0.064  0.079    1.60  0.0199  0.050  0.137  0.000  0.003 1.000 0.009 0.500 0.001 0.000 0.000 0.000 0.000
21300   50  1.7920 -0.300E+00  0.064  0.079    1.60  0.0190  0.048  0.137  0.000  0.003 1.000 0.008 0.500 0.001 0.000 0.000 0.000 0.000
22500   50  1.7680 -0.301E+00  0.064  0.079    1.60  0.0184  0.046  0.137  0.000  0.002 1.000 0.007 0.500 0.001 0.000 0.000 0.000 0.000
25000   50  1.7160 -0.316E+00  0.064  0.079    1.60  0.0181  0.045  0.137  0.000  0.002 1.000 0.006 0.500 0.001 0.000 0.000 0.000 0.000
27900   50  1.7030 -0.313E+00  0.064  0.079    1.60  0.0163  0.041  0.137  0.000  0.001 1.000 0.004 0.500 0.001 0.000 0.000 0.000 0.000
30000   50  1.6940 -0.313E+00  0.064  0.079    1.60  0.0153  0.038  0.137  0.000  0.001 1.000 0.004 0.500 0.001 0.000 0.000 0.000 0.000
35000   50  1.7380 -0.370E+00  0.064  0.079    1.60  0.0148  0.037  0.137  0.000  0.001 1.000 0.003 0.500 0.000 0.000 0.000 0.000 0.000
40000   50  1.7000 -0.446E+00  0.064  0.079    1.60  0.0161  0.040  0.137  0.000  0.001 1.000 0.002 0.500 0.000 0.000 0.000 0.000 0.000
  250   70  1.4310 -0.107E+00  0.064  0.086    1.60  2.4735  5.677  0.149  0.626  0.809 1.000 2.428 3.087 3.131 2.834 2.397 1.932 1.514
  300   70  1.4230 -0.730E-01  0.064  0.086    1.60  2.2153  5.085  0.149  0.701  0.781 1.000 2.342 2.845 2.711 2.297 1.808 1.357 0.990
  350   70  1.4200 -0.528E-01  0.064  0.086    1.60  1.9147  4.395  0.149  0.758  0.754 1.000 2.262 2.641 2.379 1.903 1.407 0.994 0.681
  400   70  1.4180 -0.399E-01  0.064  0.086    1.60  1.6193  3.717  0.149  0.799  0.729 1.000 2.187 2.461 2.103 1.598 1.116 0.748 0.485
  450   70  1.4160 -0.312E-01  0.064  0.086    1.60  1.3530  3.106  0.149  0.829  0.705 1.000 2.116 2.299 1.868 1.353 0.896 0.573 0.354
  500   70  1.4150 -0.250E-01  0.064  0.086    1.60  1.1286  2.591  0.149  0.851  0.682 1.000 2.045 2.150 1.662 1.150 0.724 0.444 0.261
  550   70  1.4140 -0.205E-01  0.064  0.086    1.60  0.9410  2.160  0.149  0.868  0.659 1.000 1.976 2.013 1.483 0.982 0.589 0.347 0.196
  600   70  1.4130 -0.247E-02  0.064  0.086    1.60  0.7470  1.715  0.149  0.981  0.633 1.000 1.899 1.888 1.324 0.844 0.483 0.275 0.148
  650   70  1.4130 -0.288E-02  0.064  0.086    1.60  0.6296  1.445  0.149  0.976  0.611 1.000 1.834 1.773 1.188 0.725 0.397 0.217 0.113
  700   70  1.4130 -0.288E-02  0.064  0.086    1.60  0.5326  1.223  0.149  0.975  0.590 1.000 1.769 1.667 1.067 0.625 0.328 0.173 0.087
  750   70  1.4120 -0.350E-02  0.064  0.086    1.60  0.4526  1.039  0.149  0.967  0.568 1.000 1.704 1.570 0.962 0.541 0.272 0.139 0.067
  800   70  1.4080 -0.412E-02  0.064  0.086    1.60  0.3817  0.876  0.149  0.959  0.547 1.000 1.641 1.484 0.871 0.471 0.228 0.113 0.053
  900   70  1.4070 -0.535E-02  0.064  0.086    1.60  0.2854  0.655  0.149  0.939  0.505 1.000 1.516 1.327 0.716 0.357 0.160 0.074 0.033
 1000   70  1.4060 -0.638E-02  0.064  0.086    1.60  0.2180  0.500  0.149  0.917  0.466 1.000 1.398 1.197 0.595 0.274 0.114 0.050 0.021
 1250   70  1.4000 -0.783E-02  0.064  0.086    1.60  0.1179  0.271  0.149  0.861  0.379 1.000 1.136 0.961 0.393 0.149 0.052 0.020 0.007
 1500   70  1.3990 -0.938E-02  0.064  0.086    1.60  0.0727  0.167  0.149  0.787  0.309 1.000 0.927 0.811 0.275 0.087 0.026 0.008 0.003
 1750   70  1.3780 -0.726E-02  0.064  0.086    1.60  0.0410  0.094  0.149  0.758  0.252 1.000 0.757 0.714 0.204 0.054 0.014 0.004 0.001
 2000   70  1.3530 -0.394E-02  0.064  0.086    1.60  0.0219  0.050  0.149  0.790  0.207 1.000 0.622 0.650 0.157 0.035 0.008 0.002 0.001
 2500   70  1.3260 -0.596E-02  0.064  0.086    1.60  0.0121  0.028  0.149  0.552  0.146 1.000 0.437 0.578 0.102 0.016 0.003 0.001 0.000
 3000   70  1.3910 -0.169E+00  0.064  0.086    1.60  0.1259  0.289  0.149  0.043  0.108 1.000 0.325 0.542 0.070 0.008 0.001 0.000 0.000
 3200   70  1.4580 -0.577E-01  0.064  0.086    1.60  0.0423  0.097  0.149  0.121  0.104 1.000 0.312 0.538 0.063 0.007 0.001 0.000 0.000
 3390   70  1.4260 -0.165E-01  0.064  0.086    1.60  0.0138  0.032  0.149  0.260  0.093 1.000 0.280 0.532 0.057 0.006 0.001 0.000 0.000
 3500   70  1.4210 -0.759E-02  0.064  0.086    1.60  0.0076  0.018  0.149  0.407  0.088 1.000 0.264 0.529 0.054 0.005 0.001 0.000 0.000
 3750   70  1.4030 -0.371E-02  0.064  0.086    1.60  0.0043  0.010  0.149  0.514  0.077 1.000 0.231 0.522 0.047 0.004 0.000 0.000 0.000
 4000   70  1.3940 -0.477E-02  0.064  0.086    1.60  0.0041  0.009  0.149  0.396  0.068 1.000 0.205 0.518 0.042 0.003 0.000 0.000 0.000
 4500   70  1.3850 -0.132E-01  0.064  0.086    1.60  0.0071  0.016  0.149  0.139  0.055 1.000 0.164 0.512 0.034 0.002 0.000 0.000 0.000
 5000   70  1.3760 -0.122E-01  0.064  0.086    1.60  0.0057  0.013  0.149  0.109  0.045 1.000 0.135 0.508 0.027 0.001 0.000 0.000 0.000
 5500   70  1.3560 -0.142E-01  0.064  0.086    1.60  0.0058  0.013  0.149  0.067  0.037 1.000 0.111 0.506 0.023 0.001 0.000 0.000 0.000
 6000   70  1.3250 -0.724E-01  0.064  0.086    1.60  0.0261  0.060  0.149  0.009  0.031 1.000 0.092 0.504 0.019 0.001 0.000 0.000 0.000
 6200   70  1.3910 -0.629E-01  0.064  0.086    1.60  0.0211  0.048  0.149  0.014  0.030 1.000 0.090 0.504 0.018 0.001 0.000 0.000 0.000
 6500   70  1.3890 -0.367E-01  0.064  0.086    1.60  0.0118  0.027  0.149  0.020  0.027 1.000 0.082 0.503 0.017 0.001 0.000 0.000 0.000
 7200   70  1.3480 -0.477E-01  0.064  0.086    1.60  0.0140  0.032  0.149  0.009  0.022 1.000 0.066 0.502 0.014 0.000 0.000 0.000 0.000
 7900   70  1.2550 -0.467E-01  0.064  0.086    1.60  0.0132  0.030  0.149  0.004  0.018 1.000 0.053 0.501 0.011 0.000 0.000 0.000 0.000
 8200   70  1.1720 -0.618E-01  0.064  0.086    1.60  0.0175  0.040  0.149  0.001  0.016 1.000 0.047 0.501 0.011 0.000 0.000 0.000 0.000
 8500   70  1.2870 -0.110E+00  0.064  0.086    1.60  0.0282  0.065  0.149  0.002  0.015 1.000 0.046 0.501 0.010 0.000 0.000 0.000 0.000
 8700   70  1.7360 -0.142E+00  0.064  0.086    1.60  0.0258  0.059  0.149  0.009  0.019 1.000 0.056 0.501 0.009 0.000 0.000 0.000 0.000
 9000   70  1.7960 -0.176E+00  0.064  0.086    1.60  0.0294  0.068  0.149  0.008  0.018 1.000 0.054 0.501 0.009 0.000 0.000 0.000 0.000
 9200   70  1.6440 -0.197E+00  0.064  0.086    1.60  0.0363  0.083  0.149  0.004  0.016 1.000 0.047 0.501 0.008 0.000 0.000 0.000 0.000
 9500   70  1.5340 -0.920E-01  0.064  0.086    1.60  0.0178  0.041  0.149  0.005  0.014 1.000 0.042 0.501 0.008 0.000 0.000 0.000 0.000
 9800   70  1.4930 -0.673E-01  0.064  0.086    1.60  0.0130  0.030  0.149  0.005  0.013 1.000 0.039 0.501 0.007 0.000 0.000 0.000 0.000
10000   70  1.4660 -0.669E-01  0.064  0.086    1.60  0.0129  0.030  0.149  0.005  0.012 1.000 0.037 0.501 0.007 0.000 0.000 0.000 0.000
10600   70  1.4180 -0.685E-01  0.064  0.086    1.60  0.0129  0.030  0.149  0.003  0.011 1.000 0.032 0.500 0.006 0.000 0.000 0.000 0.000
11000   70  1.3860 -0.775E-01  0.064  0.086    1.60  0.0143  0.033  0.149  0.002  0.010 1.000 0.029 0.500 0.006 0.000 0.000 0.000 0.000
11500   70  1.3500 -0.103E+00  0.064  0.086    1.60  0.0186  0.043  0.149  0.001  0.009 1.000 0.026 0.500 0.005 0.000 0.000 0.000 0.000
12500   70  1.3280 -0.174E+00  0.064  0.086    1.60  0.0294  0.068  0.149  0.001  0.007 1.000 0.022 0.500 0.005 0.000 0.000 0.000 0.000
13000   70  1.3410 -0.202E+00  0.064  0.086    1.60  0.0325  0.075  0.149  0.000  0.007 1.000 0.020 0.500 0.004 0.000 0.000 0.000 0.000
14000   70  1.3540 -0.248E+00  0.064  0.086    1.60  0.0367  0.084  0.149  0.000  0.006 1.000 0.018 0.500 0.004 0.000 0.000 0.000 0.000
14800   70  1.3330 -0.274E+00  0.064  0.086    1.60  0.0390  0.089  0.149  0.000  0.005 1.000 0.016 0.500 0.003 0.000 0.000 0.000 0.000
15000   70  1.3320 -0.319E+00  0.064  0.086    1.60  0.0448  0.103  0.149  0.000  0.005 1.000 0.015 0.500 0.003 0.000 0.000 0.000 0.000
16400   70  1.5120 -0.317E+00  0.064  0.086    1.60  0.0357  0.082  0.149  0.000  0.005 1.000 0.014 0.500 0.003 0.000 0.000 0.000 0.000
17200   70  1.6720 -0.352E+00  0.064  0.086    1.60  0.0332  0.076  0.149  0.000  0.005 1.000 0.014 0.500 0.002 0.000 0.000 0.000 0.000
18000   70  1.6520 -0.325E+00  0.064  0.086    1.60  0.0298  0.068  0.149  0.000  0.004 1.000 0.012 0.500 0.002 0.000 0.000 0.000 0.000
18500   70  1.6110 -0.318E+00  0.064  0.086    1.60  0.0293  0.067  0.149  0.000  0.004 1.000 0.011 0.500 0.002 0.000 0.000 0.000 0.000
20000   70  1.7430 -0.322E+00  0.064  0.086    1.60  0.0246  0.057  0.149  0.000  0.003 1.000 0.010 0.500 0.002 0.000 0.000 0.000 0.000
21300   70  1.7250 -0.318E+00  0.064  0.086    1.60  0.0232  0.053  0.149  0.000  0.003 1.000 0.009 0.500 0.002 0.000 0.000 0.000 0.000
22500   70  1.7090 -0.317E+00  0.064  0.086    1.60  0.0221  0.051  0.149  0.000  0.003 1.000 0.008 0.500 0.001 0.000 0.000 0.000 0.000
25000   70  1.6750 -0.325E+00  0.064  0.086    1.60  0.0210  0.048  0.149  0.000  0.002 1.000 0.006 0.500 0.001 0.000 0.000 0.000 0.000
27900   70  1.6690 -0.319E+00  0.064  0.086    1.60  0.0185  0.043  0.149  0.000  0.002 1.000 0.005 0.500 0.001 0.000 0.000 0.000 0.000
30000   70  1.6620 -0.317E+00  0.064  0.086    1.60  0.0172  0.040  0.149  0.000  0.001 1.000 0.004 0.500 0.001 0.000 0.000 0.000 0.000
35000   70  1.6920 -0.362E+00  0.064  0.086    1.60  0.0164  0.038  0.149  0.000  0.001 1.000 0.003 0.500 0.001 0.000 0.000 0.000 0.000
40000   70  1.6590 -0.432E+00  0.064  0.086    1.60  0.0176  0.040  0.149  0.000  0.001 1.000 0.002 0.500 0.000 0.000 0.000 0.000 0.000
  250   80  1.4180 -0.107E+00  0.064  0.092    1.60  2.5048  5.354  0.159  0.620  0.822 1.000 2.465 3.194 3.315 3.077 2.670 2.210 1.778
  300   80  1.4090 -0.730E-01  0.064  0.092    1.60  2.2719  4.857  0.159  0.696  0.794 1.000 2.383 2.959 2.896 2.523 2.045 1.579 1.185
  350   80  1.4050 -0.528E-01  0.064  0.092    1.60  1.9837  4.241  0.159  0.754  0.769 1.000 2.308 2.762 2.563 2.116 1.615 1.176 0.832
  400   80  1.4030 -0.399E-01  0.064  0.092    1.60  1.6959  3.625  0.159  0.796  0.746 1.000 2.238 2.585 2.284 1.794 1.297 0.898 0.602
  450   80  1.4010 -0.312E-01  0.064  0.092    1.60  1.4304  3.058  0.159  0.827  0.723 1.000 2.170 2.425 2.043 1.533 1.054 0.697 0.445
  500   80  1.4000 -0.250E-01  0.064  0.092    1.60  1.2033  2.572  0.159  0.850  0.701 1.000 2.104 2.276 1.830 1.315 0.861 0.546 0.334
  550   80  1.3990 -0.205E-01  0.064  0.092    1.60  1.0108  2.161  0.159  0.868  0.679 1.000 2.038 2.138 1.643 1.131 0.708 0.432 0.253
  600   80  1.3980 -0.199E-02  0.064  0.092    1.60  0.8096  1.731  0.159  0.985  0.654 1.000 1.963 2.011 1.474 0.979 0.585 0.345 0.194
  650   80  1.3970 -0.233E-02  0.064  0.092    1.60  0.6827  1.460  0.159  0.981  0.634 1.000 1.902 1.894 1.330 0.848 0.486 0.277 0.150
  700   80  1.3970 -0.233E-02  0.064  0.092    1.60  0.5805  1.241  0.159  0.980  0.613 1.000 1.839 1.785 1.201 0.736 0.405 0.222 0.116
  750   80  1.3970 -0.283E-02  0.064  0.092    1.60  0.4973  1.063  0.159  0.974  0.592 1.000 1.777 1.684 1.086 0.640 0.338 0.180 0.091
  800   80  1.3930 -0.332E-02  0.064  0.092    1.60  0.4205  0.899  0.159  0.967  0.572 1.000 1.716 1.594 0.987 0.560 0.285 0.147 0.072
  900   80  1.3920 -0.432E-02  0.064  0.092    1.60  0.3158  0.675  0.159  0.951  0.531 1.000 1.594 1.429 0.816 0.429 0.203 0.098 0.045
 1000   80  1.3910 -0.516E-02  0.064  0.092    1.60  0.2419  0.517  0.159  0.934  0.493 1.000 1.478 1.290 0.681 0.332 0.146 0.067 0.029
 1250   80  1.3850 -0.632E-02  0.064  0.092    1.60  0.1310  0.280  0.159  0.889  0.405 1.000 1.216 1.032 0.453 0.184 0.069 0.027 0.010
 1500   80  1.3840 -0.762E-02  0.064  0.092    1.60  0.0803  0.172  0.159  0.829  0.334 1.000 1.002 0.865 0.318 0.108 0.035 0.012 0.004
 1750   80  1.3650 -0.589E-02  0.064  0.092    1.60  0.0455  0.097  0.159  0.807  0.275 1.000 0.826 0.755 0.235 0.068 0.019 0.006 0.002
 2000   80  1.3440 -0.340E-02  0.064  0.092    1.60  0.0253  0.054  0.159  0.829  0.228 1.000 0.685 0.680 0.181 0.044 0.011 0.003 0.001
 2500   80  1.3140 -0.515E-02  0.064  0.092    1.60  0.0131  0.028  0.159  0.611  0.162 1.000 0.486 0.595 0.117 0.021 0.004 0.001 0.000
 3000   80  1.3870 -0.189E+00  0.064  0.092    1.60  0.1527  0.326  0.159  0.047  0.121 1.000 0.362 0.551 0.079 0.010 0.001 0.000 0.000
 3200   80  1.4620 -0.643E-01  0.064  0.092    1.60  0.0516  0.110  0.159  0.132  0.117 1.000 0.352 0.548 0.071 0.009 0.001 0.000 0.000
 3390   80  1.4250 -0.178E-01  0.064  0.092    1.60  0.0166  0.035  0.159  0.282  0.105 1.000 0.316 0.540 0.065 0.007 0.001 0.000 0.000
 3500   80  1.4170 -0.794E-02  0.064  0.092    1.60  0.0091  0.020  0.159  0.438  0.099 1.000 0.298 0.536 0.061 0.007 0.001 0.000 0.000
 3750   80  1.3970 -0.367E-02  0.064  0.092    1.60  0.0050  0.011  0.159  0.558  0.087 1.000 0.261 0.528 0.054 0.005 0.001 0.000 0.000
 4000   80  1.3860 -0.473E-02  0.064  0.092    1.60  0.0048  0.010  0.159  0.435  0.077 1.000 0.232 0.523 0.048 0.004 0.000 0.000 0.000
 4500   80  1.3750 -0.133E-01  0.064  0.092    1.60  0.0079  0.017  0.159  0.157  0.062 1.000 0.186 0.515 0.038 0.003 0.000 0.000 0.000
 5000   80  1.3670 -0.123E-01  0.064  0.092    1.60  0.0063  0.014  0.159  0.125  0.051 1.000 0.153 0.510 0.031 0.002 0.000 0.000 0.000
 5500   80  1.3450 -0.137E-01  0.064  0.092    1.60  0.0062  0.013  0.159  0.079  0.042 1.000 0.126 0.507 0.026 0.001 0.000 0.000 0.000
 6000   80  1.3130 -0.791E-01  0.064  0.092    1.60  0.0308  0.066  0.159  0.010  0.035 1.000 0.105 0.505 0.022 0.001 0.000 0.000 0.000
 6200   80  1.3850 -0.677E-01  0.064  0.092    1.60  0.0246  0.053  0.159  0.016  0.034 1.000 0.103 0.505 0.021 0.001 0.000 0.000 0.000
 6500   80  1.3790 -0.371E-01  0.064  0.092    1.60  0.0130  0.028  0.159  0.023  0.031 1.000 0.094 0.504 0.019 0.001 0.000 0.000 0.000
 7200   80  1.3410 -0.447E-01  0.064  0.092    1.60  0.0142  0.030  0.159  0.012  0.025 1.000 0.075 0.503 0.016 0.000 0.000 0.000 0.000
 7900   80  1.2630 -0.442E-01  0.064  0.092    1.60  0.0134  0.029  0.159  0.005  0.020 1.000 0.061 0.502 0.013 0.000 0.000 0.000 0.000
 8200   80  1.1940 -0.567E-01  0.064  0.092    1.60  0.0171  0.036  0.159  0.002  0.018 1.000 0.055 0.501 0.012 0.000 0.000 0.000 0.000
 8500   80  1.2850 -0.960E-01  0.064  0.092    1.60  0.0265  0.057  0.159  0.003  0.018 1.000 0.053 0.501 0.011 0.000 0.000 0.000 0.000
 8700   80  1.6470 -0.122E+00  0.064  0.092    1.60  0.0256  0.055  0.159  0.010  0.020 1.000 0.061 0.502 0.011 0.000 0.000 0.000 0.000
 9000   80  1.6940 -0.150E+00  0.064  0.092    1.60  0.0293  0.063  0.159  0.008  0.020 1.000 0.059 0.501 0.010 0.000 0.000 0.000 0.000
 9200   80  1.5690 -0.167E+00  0.064  0.092    1.60  0.0351  0.075  0.159  0.005  0.018 1.000 0.053 0.501 0.010 0.000 0.000 0.000 0.000
 9500   80  1.4780 -0.828E-01  0.064  0.092    1.60  0.0180  0.038  0.159  0.006  0.016 1.000 0.047 0.501 0.009 0.000 0.000 0.000 0.000
 9800   80  1.4420 -0.636E-01  0.064  0.092    1.60  0.0137  0.029  0.159  0.006  0.015 1.000 0.044 0.501 0.009 0.000 0.000 0.000 0.000
10000   80  1.4180 -0.638E-01  0.064  0.092    1.60  0.0137  0.029  0.159  0.005  0.014 1.000 0.041 0.501 0.008 0.000 0.000 0.000 0.000
10600   80  1.3720 -0.683E-01  0.064  0.092    1.60  0.0142  0.030  0.159  0.003  0.012 1.000 0.036 0.501 0.007 0.000 0.000 0.000 0.000
11000   80  1.3420 -0.812E-01  0.064  0.092    1.60  0.0166  0.036  0.159  0.002  0.011 1.000 0.033 0.501 0.007 0.000 0.000 0.000 0.000
11500   80  1.3070 -0.110E+00  0.064  0.092    1.60  0.0221  0.047  0.159  0.001  0.010 1.000 0.030 0.500 0.006 0.000 0.000 0.000 0.000
12500   80  1.2880 -0.191E+00  0.064  0.092    1.60  0.0355  0.076  0.159  0.001  0.008 1.000 0.025 0.500 0.005 0.000 0.000 0.000 0.000
13000   80  1.3040 -0.222E+00  0.064  0.092    1.60  0.0393  0.084  0.159  0.000  0.008 1.000 0.023 0.500 0.005 0.000 0.000 0.000 0.000
14000   80  1.3260 -0.271E+00  0.064  0.092    1.60  0.0440  0.094  0.159  0.000  0.007 1.000 0.020 0.500 0.004 0.000 0.000 0.000 0.000
14800   80  1.3190 -0.298E+00  0.064  0.092    1.60  0.0459  0.098  0.159  0.000  0.006 1.000 0.018 0.500 0.004 0.000 0.000 0.000 0.000
15000   80  1.3200 -0.335E+00  0.064  0.092    1.60  0.0509  0.109  0.159  0.000  0.006 1.000 0.017 0.500 0.004 0.000 0.000 0.000 0.000
16400   80  1.4800 -0.338E+00  0.064  0.092    1.60  0.0418  0.089  0.159  0.000  0.005 1.000 0.016 0.500 0.003 0.000 0.000 0.000 0.000
17200   80  1.6170 -0.367E+00  0.064  0.092    1.60  0.0388  0.083  0.159  0.001  0.005 1.000 0.015 0.500 0.003 0.000 0.000 0.000 0.000
18000   80  1.6080 -0.344E+00  0.064  0.092    1.60  0.0351  0.075  0.159  0.000  0.005 1.000 0.014 0.500 0.003 0.000 0.000 0.000 0.000
18500   80  1.5780 -0.338E+00  0.064  0.092    1.60  0.0343  0.073  0.159  0.000  0.004 1.000 0.013 0.500 0.002 0.000 0.000 0.000 0.000
20000   80  1.6930 -0.336E+00  0.064  0.092    1.60  0.0287  0.061  0.159  0.000  0.004 1.000 0.012 0.500 0.002 0.000 0.000 0.000 0.000
21300   80  1.6800 -0.330E+00  0.064  0.092    1.60  0.0268  0.057  0.159  0.000  0.003 1.000 0.010 0.500 0.002 0.000 0.000 0.000 0.000
22500   80  1.6700 -0.327E+00  0.064  0.092    1.60  0.0253  0.054  0.159  0.000  0.003 1.000 0.009 0.500 0.002 0.000 0.000 0.000 0.000
25000   80  1.6470 -0.331E+00  0.064  0.092    1.60  0.0235  0.050  0.159  0.000  0.002 1.000 0.007 0.500 0.001 0.000 0.000 0.000 0.000
27900   80  1.6460 -0.323E+00  0.064  0.092    1.60  0.0205  0.044  0.159  0.000  0.002 1.000 0.006 0.500 0.001 0.000 0.000 0.000 0.000
30000   80  1.6400 -0.319E+00  0.064  0.092    1.60  0.0190  0.041  0.159  0.000  0.002 1.000 0.005 0.500 0.001 0.000 0.000 0.000 0.000
35000   80  1.6610 -0.357E+00  0.064  0.092    1.60  0.0179  0.038  0.159  0.000  0.001 1.000 0.004 0.500 0.001 0.000 0.000 0.000 0.000
40000   80  1.6320 -0.423E+00  0.064  0.092    1.60  0.0189  0.040  0.159  0.000  0.001 1.000 0.003 0.500 0.001 0.000 0.000 0.000 0.000
  250   90  1.4000 -0.107E+00  0.064  0.104    1.60  2.5599  4.812  0.181  0.611  0.840 1.000 2.521 3.368 3.627 3.508 3.179 2.750 2.311
  300   90  1.3900 -0.730E-01  0.064  0.104    1.60  2.3831  4.480  0.181  0.689  0.816 1.000 2.447 3.144 3.209 2.927 2.488 2.016 1.587
  350   90  1.3850 -0.528E-01  0.064  0.104    1.60  2.1284  4.001  0.181  0.749  0.794 1.000 2.381 2.959 2.881 2.500 2.011 1.542 1.147
  400   90  1.3820 -0.399E-01  0.064  0.104    1.60  1.8539  3.485  0.181  0.793  0.773 1.000 2.318 2.794 2.604 2.160 1.653 1.208 0.855
  450   90  1.3810 -0.312E-01  0.064  0.104    1.60  1.5981  3.004  0.181  0.826  0.752 1.000 2.257 2.639 2.356 1.874 1.368 0.958 0.648
  500   90  1.3790 -0.250E-01  0.064  0.104    1.60  1.3619  2.560  0.181  0.850  0.733 1.000 2.199 2.496 2.139 1.634 1.143 0.769 0.499
  550   90  1.3780 -0.205E-01  0.064  0.104    1.60  1.1607  2.182  0.181  0.868  0.713 1.000 2.140 2.361 1.942 1.427 0.957 0.620 0.387
  600   90  1.3770 -0.136E-02  0.064  0.104    1.60  0.9481  1.782  0.181  0.990  0.690 1.000 2.069 2.231 1.759 1.250 0.804 0.504 0.303
  650   90  1.3760 -0.158E-02  0.064  0.104    1.60  0.8075  1.518  0.181  0.987  0.672 1.000 2.015 2.114 1.603 1.098 0.679 0.412 0.239
  700   90  1.3760 -0.158E-02  0.064  0.104    1.60  0.6931  1.303  0.181  0.986  0.653 1.000 1.958 2.002 1.461 0.964 0.574 0.337 0.189
  750   90  1.3750 -0.192E-02  0.064  0.104    1.60  0.5955  1.119  0.181  0.983  0.634 1.000 1.902 1.898 1.333 0.849 0.488 0.277 0.151
  800   90  1.3720 -0.226E-02  0.064  0.104    1.60  0.5089  0.957  0.181  0.978  0.615 1.000 1.846 1.802 1.220 0.751 0.416 0.230 0.121
  900   90  1.3710 -0.294E-02  0.064  0.104    1.60  0.3861  0.726  0.181  0.968  0.578 1.000 1.733 1.625 1.022 0.587 0.304 0.158 0.079
 1000   90  1.3710 -0.351E-02  0.064  0.104    1.60  0.2995  0.563  0.181  0.957  0.541 1.000 1.622 1.472 0.862 0.462 0.224 0.110 0.052
 1250   90  1.3650 -0.430E-02  0.064  0.104    1.60  0.1637  0.308  0.181  0.929  0.455 1.000 1.365 1.179 0.583 0.265 0.110 0.047 0.020
 1500   90  1.3640 -0.524E-02  0.064  0.104    1.60  0.1001  0.188  0.181  0.888  0.382 1.000 1.147 0.979 0.412 0.160 0.058 0.022 0.008
 1750   90  1.3480 -0.403E-02  0.064  0.104    1.60  0.0577  0.108  0.181  0.877  0.321 1.000 0.962 0.844 0.305 0.101 0.032 0.011 0.004
 2000   90  1.3320 -0.266E-02  0.064  0.104    1.60  0.0340  0.064  0.181  0.883  0.270 1.000 0.810 0.749 0.235 0.067 0.019 0.006 0.002
 2500   90  1.2970 -0.406E-02  0.064  0.104    1.60  0.0160  0.030  0.181  0.707  0.195 1.000 0.584 0.636 0.151 0.032 0.007 0.002 0.000
 3000   90  1.3820 -0.215E+00  0.064  0.104    1.60  0.2025  0.381  0.181  0.057  0.146 1.000 0.437 0.573 0.100 0.016 0.003 0.001 0.000
 3200   90  1.4670 -0.733E-01  0.064  0.104    1.60  0.0702  0.132  0.181  0.159  0.145 1.000 0.434 0.570 0.091 0.013 0.002 0.000 0.000
 3390   90  1.4250 -0.195E-01  0.064  0.104    1.60  0.0227  0.043  0.181  0.334  0.130 1.000 0.391 0.560 0.083 0.011 0.002 0.000 0.000
 3500   90  1.4110 -0.840E-02  0.064  0.104    1.60  0.0126  0.024  0.181  0.501  0.123 1.000 0.368 0.554 0.078 0.010 0.001 0.000 0.000
 3750   90  1.3880 -0.361E-02  0.064  0.104    1.60  0.0069  0.013  0.181  0.633  0.108 1.000 0.324 0.543 0.069 0.008 0.001 0.000 0.000
 4000   90  1.3750 -0.469E-02  0.064  0.104    1.60  0.0063  0.012  0.181  0.510  0.096 1.000 0.288 0.534 0.061 0.006 0.001 0.000 0.000
 4500   90  1.3610 -0.133E-01  0.064  0.104    1.60  0.0097  0.018  0.181  0.197  0.077 1.000 0.232 0.523 0.049 0.004 0.000 0.000 0.000
 5000   90  1.3530 -0.123E-01  0.064  0.104    1.60  0.0077  0.014  0.181  0.159  0.064 1.000 0.192 0.516 0.040 0.003 0.000 0.000 0.000
 5500   90  1.3300 -0.131E-01  0.064  0.104    1.60  0.0070  0.013  0.181  0.106  0.053 1.000 0.159 0.511 0.034 0.002 0.000 0.000 0.000
 6000   90  1.2980 -0.880E-01  0.064  0.104    1.60  0.0396  0.075  0.181  0.012  0.044 1.000 0.132 0.508 0.028 0.001 0.000 0.000 0.000
 6200   90  1.3780 -0.742E-01  0.064  0.104    1.60  0.0311  0.058  0.181  0.020  0.043 1.000 0.130 0.507 0.027 0.001 0.000 0.000 0.000
 6500   90  1.3660 -0.378E-01  0.064  0.104    1.60  0.0153  0.029  0.181  0.031  0.040 1.000 0.119 0.506 0.024 0.001 0.000 0.000 0.000
 7200   90  1.3320 -0.407E-01  0.064  0.104    1.60  0.0150  0.028  0.181  0.018  0.032 1.000 0.096 0.504 0.020 0.001 0.000 0.000 0.000
 7900   90  1.2730 -0.409E-01  0.064  0.104    1.60  0.0141  0.026  0.181  0.009  0.026 1.000 0.078 0.503 0.017 0.001 0.000 0.000 0.000
 8200   90  1.2240 -0.498E-01  0.064  0.104    1.60  0.0168  0.032  0.181  0.005  0.024 1.000 0.071 0.502 0.016 0.000 0.000 0.000 0.000
 8500   90  1.2830 -0.770E-01  0.064  0.104    1.60  0.0243  0.046  0.181  0.004  0.023 1.000 0.068 0.502 0.015 0.000 0.000 0.000 0.000
 8700   90  1.5270 -0.949E-01  0.064  0.104    1.60  0.0250  0.047  0.181  0.012  0.025 1.000 0.074 0.502 0.014 0.000 0.000 0.000 0.000
 9000   90  1.5550 -0.115E+00  0.064  0.104    1.60  0.0285  0.054  0.181  0.010  0.023 1.000 0.070 0.502 0.013 0.000 0.000 0.000 0.000
 9200   90  1.4690 -0.127E+00  0.064  0.104    1.60  0.0328  0.062  0.181  0.006  0.021 1.000 0.064 0.502 0.012 0.000 0.000 0.000 0.000
 9500   90  1.4030 -0.705E-01  0.064  0.104    1.60  0.0184  0.035  0.181  0.007  0.019 1.000 0.058 0.502 0.012 0.000 0.000 0.000 0.000
 9800   90  1.3740 -0.585E-01  0.064  0.104    1.60  0.0151  0.028  0.181  0.006  0.018 1.000 0.054 0.501 0.011 0.000 0.000 0.000 0.000
10000   90  1.3540 -0.597E-01  0.064  0.104    1.60  0.0153  0.029  0.181  0.005  0.017 1.000 0.052 0.501 0.011 0.000 0.000 0.000 0.000
10600   90  1.3100 -0.680E-01  0.064  0.104    1.60  0.0168  0.032  0.181  0.003  0.015 1.000 0.045 0.501 0.010 0.000 0.000 0.000 0.000
11000   90  1.2810 -0.862E-01  0.064  0.104    1.60  0.0209  0.039  0.181  0.002  0.014 1.000 0.041 0.501 0.009 0.000 0.000 0.000 0.000
11500   90  1.2490 -0.120E+00  0.064  0.104    1.60  0.0284  0.053  0.181  0.001  0.012 1.000 0.037 0.501 0.008 0.000 0.000 0.000 0.000
12500   90  1.2350 -0.212E+00  0.064  0.104    1.60  0.0465  0.087  0.181  0.001  0.010 1.000 0.031 0.500 0.007 0.000 0.000 0.000 0.000
13000   90  1.2530 -0.248E+00  0.064  0.104    1.60  0.0518  0.097  0.181  0.001  0.010 1.000 0.029 0.500 0.006 0.000 0.000 0.000 0.000
14000   90  1.2890 -0.303E+00  0.064  0.104    1.60  0.0574  0.108  0.181  0.001  0.008 1.000 0.025 0.500 0.005 0.000 0.000 0.000 0.000
14800   90  1.2990 -0.329E+00  0.064  0.104    1.60  0.0586  0.110  0.181  0.000  0.008 1.000 0.023 0.500 0.005 0.000 0.000 0.000 0.000
15000   90  1.3040 -0.356E+00  0.064  0.104    1.60  0.0624  0.117  0.181  0.000  0.007 1.000 0.022 0.500 0.005 0.000 0.000 0.000 0.000
16400   90  1.4370 -0.367E+00  0.064  0.104    1.60  0.0533  0.100  0.181  0.001  0.007 1.000 0.020 0.500 0.004 0.000 0.000 0.000 0.000
17200   90  1.5430 -0.387E+00  0.064  0.104    1.60  0.0494  0.093  0.181  0.001  0.006 1.000 0.019 0.500 0.004 0.000 0.000 0.000 0.000
18000   90  1.5490 -0.370E+00  0.064  0.104    1.60  0.0450  0.085  0.181  0.001  0.006 1.000 0.017 0.500 0.003 0.000 0.000 0.000 0.000
18500   90  1.5350 -0.364E+00  0.064  0.104    1.60  0.0435  0.082  0.181  0.000  0.005 1.000 0.016 0.500 0.003 0.000 0.000 0.000 0.000
20000   90  1.6250 -0.354E+00  0.064  0.104    1.60  0.0364  0.068  0.181  0.000  0.005 1.000 0.015 0.500 0.003 0.000 0.000 0.000 0.000
21300   90  1.6200 -0.345E+00  0.064  0.104    1.60  0.0335  0.063  0.181  0.000  0.004 1.000 0.013 0.500 0.002 0.000 0.000 0.000 0.000
22500   90  1.6180 -0.341E+00  0.064  0.104    1.60  0.0313  0.059  0.181  0.000  0.004 1.000 0.012 0.500 0.002 0.000 0.000 0.000 0.000
25000   90  1.6100 -0.339E+00  0.064  0.104    1.60  0.0282  0.053  0.181  0.000  0.003 1.000 0.009 0.500 0.002 0.000 0.000 0.000 0.000
27900   90  1.6150 -0.328E+00  0.064  0.104    1.60  0.0243  0.046  0.181  0.000  0.003 1.000 0.008 0.500 0.001 0.000 0.000 0.000 0.000
30000   90  1.6120 -0.322E+00  0.064  0.104    1.60  0.0223  0.042  0.181  0.000  0.002 1.000 0.006 0.500 0.001 0.000 0.000 0.000 0.000
35000   90  1.6200 -0.350E+00  0.064  0.104    1.60  0.0206  0.039  0.181  0.000  0.002 1.000 0.005 0.500 0.001 0.000 0.000 0.000 0.000
40000   90  1.5960 -0.411E+00  0.064  0.104    1.60  0.0215  0.040  0.181  0.000  0.001 1.000 0.004 0.500 0.001 0.000 0.000 0.000 0.000
  250   95  1.3870 -0.107E+00  0.064  0.120    1.60  2.6080  4.276  0.208  0.601  0.857 1.000 2.570 3.527 3.930 3.950 3.728 3.365 2.950
  300   95  1.3760 -0.730E-01  0.064  0.120    1.60  2.4987  4.097  0.208  0.681  0.834 1.000 2.503 3.314 3.514 3.344 2.973 2.523 2.080
  350   95  1.3710 -0.528E-01  0.064  0.120    1.60  2.2961  3.764  0.208  0.744  0.814 1.000 2.442 3.140 3.191 2.899 2.449 1.972 1.541
  400   95  1.3680 -0.399E-01  0.064  0.120    1.60  2.0513  3.363  0.208  0.791  0.796 1.000 2.387 2.987 2.920 2.546 2.055 1.581 1.179
  450   95  1.3660 -0.312E-01  0.064  0.120    1.60  1.8021  2.954  0.208  0.825  0.778 1.000 2.335 2.845 2.680 2.250 1.740 1.285 0.919
  500   95  1.3640 -0.250E-01  0.064  0.120    1.60  1.5655  2.567  0.208  0.851  0.761 1.000 2.284 2.712 2.463 1.995 1.482 1.055 0.726
  550   95  1.3630 -0.205E-01  0.064  0.120    1.60  1.3570  2.225  0.208  0.870  0.744 1.000 2.233 2.583 2.263 1.769 1.265 0.870 0.577
  600   95  1.3620 -0.900E-03  0.064  0.120    1.60  1.1368  1.864  0.208  0.993  0.722 1.000 2.166 2.454 2.070 1.568 1.080 0.719 0.460
  650   95  1.3610 -0.105E-02  0.064  0.120    1.60  0.9798  1.606  0.208  0.992  0.706 1.000 2.119 2.341 1.908 1.398 0.929 0.600 0.372
  700   95  1.3610 -0.105E-02  0.064  0.120    1.60  0.8503  1.394  0.208  0.991  0.690 1.000 2.070 2.231 1.756 1.245 0.799 0.501 0.301
  750   95  1.3600 -0.128E-02  0.064  0.120    1.60  0.7374  1.209  0.208  0.989  0.674 1.000 2.021 2.127 1.618 1.111 0.689 0.420 0.245
  800   95  1.3580 -0.150E-02  0.064  0.120    1.60  0.6384  1.047  0.208  0.986  0.657 1.000 1.972 2.029 1.494 0.993 0.597 0.353 0.200
  900   95  1.3570 -0.195E-02  0.064  0.120    1.60  0.4911  0.805  0.208  0.980  0.623 1.000 1.870 1.846 1.271 0.794 0.448 0.251 0.135
 1000   95  1.3560 -0.233E-02  0.064  0.120    1.60  0.3831  0.628  0.208  0.974  0.589 1.000 1.768 1.683 1.087 0.638 0.338 0.180 0.092
 1250   95  1.3510 -0.286E-02  0.064  0.120    1.60  0.2144  0.352  0.208  0.957  0.508 1.000 1.525 1.359 0.752 0.381 0.175 0.082 0.038
 1500   95  1.3490 -0.354E-02  0.064  0.120    1.60  0.1313  0.215  0.208  0.931  0.436 1.000 1.308 1.127 0.539 0.236 0.096 0.040 0.016
 1750   95  1.3370 -0.271E-02  0.064  0.120    1.60  0.0782  0.128  0.208  0.928  0.373 1.000 1.118 0.963 0.402 0.153 0.055 0.021 0.008
 2000   95  1.3230 -0.214E-02  0.064  0.120    1.60  0.0479  0.079  0.208  0.921  0.319 1.000 0.957 0.845 0.309 0.103 0.033 0.011 0.004
 2500   95  1.2850 -0.328E-02  0.064  0.120    1.60  0.0211  0.035  0.208  0.788  0.235 1.000 0.706 0.695 0.199 0.051 0.013 0.004 0.001
 3000   95  1.3780 -0.234E+00  0.064  0.120    1.60  0.2594  0.425  0.208  0.072  0.176 1.000 0.529 0.605 0.128 0.025 0.005 0.001 0.000
 3200   95  1.4710 -0.797E-01  0.064  0.120    1.60  0.0937  0.154  0.208  0.198  0.178 1.000 0.534 0.604 0.117 0.021 0.004 0.001 0.000
 3390   95  1.4240 -0.207E-01  0.064  0.120    1.60  0.0312  0.051  0.208  0.399  0.162 1.000 0.485 0.590 0.107 0.018 0.003 0.001 0.000
 3500   95  1.4070 -0.874E-02  0.064  0.120    1.60  0.0180  0.029  0.208  0.572  0.153 1.000 0.458 0.582 0.101 0.016 0.003 0.001 0.000
 3750   95  1.3810 -0.358E-02  0.064  0.120    1.60  0.0100  0.016  0.208  0.705  0.135 1.000 0.404 0.566 0.089 0.013 0.002 0.000 0.000
 4000   95  1.3670 -0.466E-02  0.064  0.120    1.60  0.0088  0.014  0.208  0.590  0.120 1.000 0.361 0.553 0.079 0.010 0.002 0.000 0.000
 4500   95  1.3510 -0.133E-01  0.064  0.120    1.60  0.0121  0.020  0.208  0.251  0.098 1.000 0.293 0.536 0.063 0.007 0.001 0.000 0.000
 5000   95  1.3440 -0.123E-01  0.064  0.120    1.60  0.0095  0.016  0.208  0.207  0.081 1.000 0.243 0.525 0.052 0.005 0.001 0.000 0.000
 5500   95  1.3190 -0.126E-01  0.064  0.120    1.60  0.0082  0.013  0.208  0.144  0.068 1.000 0.203 0.518 0.043 0.003 0.000 0.000 0.000
 6000   95  1.2870 -0.944E-01  0.064  0.120    1.60  0.0495  0.081  0.208  0.015  0.056 1.000 0.168 0.512 0.037 0.002 0.000 0.000 0.000
 6200   95  1.3730 -0.789E-01  0.064  0.120    1.60  0.0385  0.063  0.208  0.027  0.056 1.000 0.167 0.512 0.034 0.002 0.000 0.000 0.000
 6500   95  1.3570 -0.383E-01  0.064  0.120    1.60  0.0182  0.030  0.208  0.042  0.051 1.000 0.152 0.510 0.032 0.002 0.000 0.000 0.000
 7200   95  1.3250 -0.378E-01  0.064  0.120    1.60  0.0162  0.027  0.208  0.027  0.041 1.000 0.124 0.507 0.026 0.001 0.000 0.000 0.000
 7900   95  1.2800 -0.386E-01  0.064  0.120    1.60  0.0153  0.025  0.208  0.015  0.034 1.000 0.102 0.505 0.022 0.001 0.000 0.000 0.000
 8200   95  1.2450 -0.448E-01  0.064  0.120    1.60  0.0173  0.028  0.208  0.009  0.031 1.000 0.093 0.504 0.020 0.001 0.000 0.000 0.000
 8500   95  1.2810 -0.634E-01  0.064  0.120    1.60  0.0231  0.038  0.208  0.008  0.029 1.000 0.088 0.504 0.019 0.001 0.000 0.000 0.000
 8700   95  1.4410 -0.757E-01  0.064  0.120    1.60  0.0245  0.040  0.208  0.015  0.031 1.000 0.092 0.504 0.018 0.001 0.000 0.000 0.000
 9000   95  1.4570 -0.894E-01  0.064  0.120    1.60  0.0276  0.045  0.208  0.012  0.029 1.000 0.087 0.503 0.017 0.001 0.000 0.000 0.000
 9200   95  1.3970 -0.983E-01  0.064  0.120    1.60  0.0307  0.050  0.208  0.008  0.027 1.000 0.081 0.503 0.016 0.000 0.000 0.000 0.000
 9500   95  1.3490 -0.617E-01  0.064  0.120    1.60  0.0193  0.032  0.208  0.009  0.025 1.000 0.074 0.502 0.015 0.000 0.000 0.000 0.000
 9800   95  1.3250 -0.550E-01  0.064  0.120    1.60  0.0169  0.028  0.208  0.008  0.023 1.000 0.069 0.502 0.014 0.000 0.000 0.000 0.000
10000   95  1.3080 -0.567E-01  0.064  0.120    1.60  0.0172  0.028  0.208  0.006  0.022 1.000 0.066 0.502 0.014 0.000 0.000 0.000 0.000
10600   95  1.2660 -0.678E-01  0.064  0.120    1.60  0.0198  0.032  0.208  0.003  0.019 1.000 0.057 0.502 0.012 0.000 0.000 0.000 0.000
11000   95  1.2380 -0.898E-01  0.064  0.120    1.60  0.0256  0.042  0.208  0.002  0.018 1.000 0.053 0.501 0.012 0.000 0.000 0.000 0.000
11500   95  1.2080 -0.128E+00  0.064  0.120    1.60  0.0355  0.058  0.208  0.001  0.016 1.000 0.047 0.501 0.011 0.000 0.000 0.000 0.000
12500   95  1.1980 -0.228E+00  0.064  0.120    1.60  0.0587  0.096  0.208  0.001  0.013 1.000 0.040 0.501 0.009 0.000 0.000 0.000 0.000
13000   95  1.2170 -0.268E+00  0.064  0.120    1.60  0.0655  0.107  0.208  0.001  0.012 1.000 0.037 0.501 0.008 0.000 0.000 0.000 0.000
14000   95  1.2620 -0.326E+00  0.064  0.120    1.60  0.0721  0.118  0.208  0.001  0.011 1.000 0.033 0.501 0.007 0.000 0.000 0.000 0.000
14800   95  1.2850 -0.352E+00  0.064  0.120    1.60  0.0726  0.119  0.208  0.001  0.010 1.000 0.029 0.500 0.006 0.000 0.000 0.000 0.000
15000   95  1.2920 -0.372E+00  0.064  0.120    1.60  0.0754  0.124  0.208  0.001  0.010 1.000 0.029 0.500 0.006 0.000 0.000 0.000 0.000
16400   95  1.4070 -0.387E+00  0.064  0.120    1.60  0.0661  0.108  0.208  0.001  0.008 1.000 0.025 0.500 0.005 0.000 0.000 0.000 0.000
17200   95  1.4900 -0.401E+00  0.064  0.120    1.60  0.0613  0.100  0.208  0.001  0.008 1.000 0.024 0.500 0.005 0.000 0.000 0.000 0.000
18000   95  1.5070 -0.389E+00  0.064  0.120    1.60  0.0560  0.092  0.208  0.001  0.007 1.000 0.022 0.500 0.004 0.000 0.000 0.000 0.000
18500   95  1.5040 -0.383E+00  0.064  0.120    1.60  0.0538  0.088  0.208  0.001  0.007 1.000 0.021 0.500 0.004 0.000 0.000 0.000 0.000
20000   95  1.5760 -0.367E+00  0.064  0.120    1.60  0.0451  0.074  0.208  0.001  0.006 1.000 0.019 0.500 0.003 0.000 0.000 0.000 0.000
21300   95  1.5760 -0.357E+00  0.064  0.120    1.60  0.0411  0.067  0.208  0.001  0.006 1.000 0.017 0.500 0.003 0.000 0.000 0.000 0.000
22500   95  1.5800 -0.350E+00  0.064  0.120    1.60  0.0381  0.062  0.208  0.000  0.005 1.000 0.015 0.500 0.003 0.000 0.000 0.000 0.000
25000   95  1.5830 -0.345E+00  0.064  0.120    1.60  0.0336  0.055  0.208  0.000  0.004 1.000 0.012 0.500 0.002 0.000 0.000 0.000 0.000
27900   95  1.5930 -0.332E+00  0.064  0.120    1.60  0.0287  0.047  0.208  0.000  0.003 1.000 0.010 0.500 0.002 0.000 0.000 0.000 0.000
30000   95  1.5910 -0.324E+00  0.064  0.120    1.60  0.0261  0.043  0.208  0.000  0.003 1.000 0.008 0.500 0.002 0.000 0.000 0.000 0.000
35000   95  1.5900 -0.346E+00  0.064  0.120    1.60  0.0239  0.039  0.208  0.000  0.002 1.000 0.006 0.500 0.001 0.000 0.000 0.000 0.000
40000   95  1.5700 -0.402E+00  0.064  0.120    1.60  0.0246  0.040  0.208  0.000  0.002 1.000 0.005 0.500 0.001 0.000 0.000 0.000 0.000
  250   99  1.3730 -0.107E+00  0.064  0.160    1.60  2.6379  3.231  0.278  0.575  0.883 1.000 2.649 3.804 4.492 4.830 4.904 4.782 4.533
  300   99  1.3600 -0.730E-01  0.064  0.160    1.60  2.6743  3.276  0.278  0.657  0.862 1.000 2.587 3.594 4.061 4.159 4.008 3.701 3.326
  350   99  1.3550 -0.528E-01  0.064  0.160    1.60  2.6114  3.199  0.278  0.728  0.845 1.000 2.535 3.436 3.745 3.683 3.392 2.987 2.559
  400   99  1.3510 -0.399E-01  0.064  0.160    1.60  2.4659  3.021  0.278  0.782  0.831 1.000 2.492 3.312 3.501 3.327 2.948 2.492 2.047
  450   99  1.3490 -0.312E-01  0.064  0.160    1.60  2.2805  2.794  0.278  0.822  0.818 1.000 2.453 3.198 3.286 3.028 2.590 2.112 1.670
  500   99  1.3470 -0.250E-01  0.064  0.160    1.60  2.0743  2.541  0.278  0.852  0.806 1.000 2.417 3.092 3.093 2.769 2.292 1.809 1.383
  550   99  1.3450 -0.205E-01  0.064  0.160    1.60  1.8659  2.286  0.278  0.874  0.794 1.000 2.382 2.990 2.914 2.537 2.037 1.560 1.156
  600   99  1.3440 -0.375E-03  0.064  0.160    1.60  1.6614  2.035  0.278  0.997  0.774 1.000 2.321 2.869 2.710 2.297 1.784 1.326 0.951
  650   99  1.3430 -0.438E-03  0.064  0.160    1.60  1.4748  1.807  0.278  0.997  0.764 1.000 2.291 2.777 2.558 2.113 1.596 1.155 0.806
  700   99  1.3430 -0.438E-03  0.064  0.160    1.60  1.3143  1.610  0.278  0.997  0.753 1.000 2.258 2.682 2.407 1.937 1.422 1.004 0.682
  750   99  1.3430 -0.532E-03  0.064  0.160    1.60  1.1726  1.436  0.278  0.996  0.741 1.000 2.223 2.588 2.263 1.774 1.268 0.873 0.578
  800   99  1.3410 -0.626E-03  0.064  0.160    1.60  1.0376  1.271  0.278  0.995  0.730 1.000 2.189 2.500 2.132 1.630 1.134 0.763 0.493
  900   99  1.3400 -0.814E-03  0.064  0.160    1.60  0.8281  1.014  0.278  0.993  0.705 1.000 2.115 2.325 1.882 1.368 0.903 0.580 0.358
 1000   99  1.3390 -0.973E-03  0.064  0.160    1.60  0.6661  0.816  0.278  0.991  0.679 1.000 2.038 2.161 1.662 1.150 0.722 0.443 0.261
 1250   99  1.3350 -0.120E-02  0.064  0.160    1.60  0.3974  0.487  0.278  0.986  0.614 1.000 1.842 1.806 1.227 0.754 0.420 0.233 0.124
 1500   99  1.3330 -0.160E-02  0.064  0.160    1.60  0.2525  0.309  0.278  0.977  0.550 1.000 1.650 1.523 0.918 0.504 0.251 0.126 0.061
 1750   99  1.3230 -0.119E-02  0.064  0.160    1.60  0.1579  0.193  0.278  0.977  0.490 1.000 1.470 1.305 0.705 0.346 0.156 0.072 0.032
 2000   99  1.3130 -0.153E-02  0.064  0.160    1.60  0.1035  0.127  0.278  0.962  0.435 1.000 1.304 1.134 0.551 0.243 0.100 0.042 0.018
 2500   99  1.2710 -0.238E-02  0.064  0.160    1.60  0.0428  0.052  0.278  0.893  0.339 1.000 1.018 0.896 0.358 0.128 0.044 0.016 0.006
 3000   99  1.3740 -0.256E+00  0.064  0.160    1.60  0.4043  0.495  0.278  0.117  0.257 1.000 0.772 0.717 0.221 0.061 0.016 0.005 0.001
 3200   99  1.4750 -0.871E-01  0.064  0.160    1.60  0.1669  0.204  0.278  0.302  0.265 1.000 0.796 0.718 0.203 0.054 0.014 0.004 0.001
 3390   99  1.4230 -0.221E-01  0.064  0.160    1.60  0.0628  0.077  0.278  0.546  0.246 1.000 0.737 0.698 0.188 0.047 0.012 0.003 0.001
 3500   99  1.4030 -0.912E-02  0.064  0.160    1.60  0.0397  0.049  0.278  0.713  0.234 1.000 0.702 0.683 0.178 0.043 0.010 0.003 0.001
 3750   99  1.3740 -0.353E-02  0.064  0.160    1.60  0.0234  0.029  0.278  0.825  0.209 1.000 0.628 0.651 0.157 0.035 0.008 0.002 0.001
 4000   99  1.3580 -0.462E-02  0.064  0.160    1.60  0.0191  0.023  0.278  0.739  0.189 1.000 0.567 0.625 0.138 0.028 0.006 0.001 0.000
 4500   99  1.3400 -0.134E-01  0.064  0.160    1.60  0.0210  0.026  0.278  0.398  0.156 1.000 0.469 0.588 0.110 0.019 0.003 0.001 0.000
 5000   99  1.3330 -0.124E-01  0.064  0.160    1.60  0.0159  0.020  0.278  0.345  0.132 1.000 0.395 0.564 0.090 0.013 0.002 0.000 0.000
 5500   99  1.3070 -0.120E-01  0.064  0.160    1.60  0.0125  0.015  0.278  0.264  0.111 1.000 0.333 0.546 0.075 0.009 0.001 0.000 0.000
 6000   99  1.2740 -0.102E+00  0.064  0.160    1.60  0.0739  0.091  0.278  0.029  0.093 1.000 0.278 0.533 0.063 0.007 0.001 0.000 0.000
 6200   99  1.3670 -0.842E-01  0.064  0.160    1.60  0.0579  0.071  0.278  0.053  0.093 1.000 0.278 0.532 0.059 0.006 0.001 0.000 0.000
 6500   99  1.3470 -0.388E-01  0.064  0.160    1.60  0.0266  0.033  0.278  0.084  0.085 1.000 0.255 0.527 0.055 0.005 0.001 0.000 0.000
 7200   99  1.3180 -0.345E-01  0.064  0.160    1.60  0.0209  0.026  0.278  0.061  0.070 1.000 0.210 0.519 0.045 0.004 0.000 0.000 0.000
 7900   99  1.2880 -0.358E-01  0.064  0.160    1.60  0.0196  0.024  0.278  0.038  0.058 1.000 0.175 0.513 0.038 0.003 0.000 0.000 0.000
 8200   99  1.2690 -0.392E-01  0.064  0.160    1.60  0.0206  0.025  0.278  0.028  0.054 1.000 0.162 0.512 0.036 0.002 0.000 0.000 0.000
 8500   99  1.2790 -0.479E-01  0.064  0.160    1.60  0.0239  0.029  0.278  0.022  0.051 1.000 0.152 0.510 0.033 0.002 0.000 0.000 0.000
 8700   99  1.3430 -0.537E-01  0.064  0.160    1.60  0.0254  0.031  0.278  0.028  0.050 1.000 0.151 0.510 0.032 0.002 0.000 0.000 0.000
 9000   99  1.3430 -0.606E-01  0.064  0.160    1.60  0.0275  0.034  0.278  0.023  0.047 1.000 0.142 0.509 0.030 0.002 0.000 0.000 0.000
 9200   99  1.3140 -0.652E-01  0.064  0.160    1.60  0.0293  0.036  0.278  0.017  0.045 1.000 0.134 0.508 0.028 0.001 0.000 0.000 0.000
 9500   99  1.2870 -0.516E-01  0.064  0.160    1.60  0.0228  0.028  0.278  0.016  0.041 1.000 0.124 0.507 0.027 0.001 0.000 0.000 0.000
 9800   99  1.2690 -0.508E-01  0.064  0.160    1.60  0.0219  0.027  0.278  0.013  0.039 1.000 0.116 0.506 0.025 0.001 0.000 0.000 0.000
10000   99  1.2560 -0.532E-01  0.064  0.160    1.60  0.0225  0.028  0.278  0.011  0.037 1.000 0.111 0.506 0.024 0.001 0.000 0.000 0.000
10600   99  1.2150 -0.676E-01  0.064  0.160    1.60  0.0274  0.034  0.278  0.005  0.033 1.000 0.098 0.504 0.022 0.001 0.000 0.000 0.000
11000   99  1.1880 -0.939E-01  0.064  0.160    1.60  0.0370  0.045  0.278  0.003  0.030 1.000 0.090 0.504 0.020 0.001 0.000 0.000 0.000
11500   99  1.1600 -0.136E+00  0.064  0.160    1.60  0.0520  0.064  0.278  0.002  0.027 1.000 0.081 0.503 0.019 0.001 0.000 0.000 0.000
12500   99  1.1540 -0.246E+00  0.064  0.160    1.60  0.0871  0.107  0.278  0.002  0.023 1.000 0.068 0.502 0.016 0.000 0.000 0.000 0.000
13000   99  1.1760 -0.289E+00  0.064  0.160    1.60  0.0975  0.119  0.278  0.002  0.021 1.000 0.063 0.502 0.015 0.000 0.000 0.000 0.000
14000   99  1.2320 -0.351E+00  0.064  0.160    1.60  0.1066  0.131  0.278  0.002  0.019 1.000 0.056 0.501 0.013 0.000 0.000 0.000 0.000
14800   99  1.2690 -0.378E+00  0.064  0.160    1.60  0.1059  0.130  0.278  0.002  0.017 1.000 0.051 0.501 0.011 0.000 0.000 0.000 0.000
15000   99  1.2790 -0.389E+00  0.064  0.160    1.60  0.1071  0.131  0.278  0.002  0.017 1.000 0.050 0.501 0.011 0.000 0.000 0.000 0.000
16400   99  1.3710 -0.410E+00  0.064  0.160    1.60  0.0967  0.118  0.278  0.002  0.015 1.000 0.044 0.501 0.009 0.000 0.000 0.000 0.000
17200   99  1.4290 -0.417E+00  0.064  0.160    1.60  0.0898  0.110  0.278  0.002  0.014 1.000 0.041 0.501 0.008 0.000 0.000 0.000 0.000
18000   99  1.4580 -0.411E+00  0.064  0.160    1.60  0.0825  0.101  0.278  0.001  0.013 1.000 0.038 0.501 0.008 0.000 0.000 0.000 0.000
18500   99  1.4680 -0.405E+00  0.064  0.160    1.60  0.0786  0.096  0.278  0.001  0.012 1.000 0.037 0.501 0.007 0.000 0.000 0.000 0.000
20000   99  1.5200 -0.382E+00  0.064  0.160    1.60  0.0659  0.081  0.278  0.001  0.011 1.000 0.032 0.500 0.006 0.000 0.000 0.000 0.000
21300   99  1.5270 -0.370E+00  0.064  0.160    1.60  0.0595  0.073  0.278  0.001  0.010 1.000 0.029 0.500 0.005 0.000 0.000 0.000 0.000
22500   99  1.5370 -0.362E+00  0.064  0.160    1.60  0.0546  0.067  0.278  0.001  0.009 1.000 0.026 0.500 0.005 0.000 0.000 0.000 0.000
25000   99  1.5530 -0.351E+00  0.064  0.160    1.60  0.0471  0.058  0.278  0.001  0.007 1.000 0.021 0.500 0.004 0.000 0.000 0.000 0.000
27900   99  1.5670 -0.336E+00  0.064  0.160    1.60  0.0399  0.049  0.278  0.001  0.006 1.000 0.017 0.500 0.003 0.000 0.000 0.000 0.000
30000   99  1.5680 -0.326E+00  0.064  0.160    1.60  0.0360  0.044  0.278  0.000  0.005 1.000 0.015 0.500 0.003 0.000 0.000 0.000 0.000
35000   99  1.5560 -0.340E+00  0.064  0.160    1.60  0.0324  0.040  0.278  0.000  0.004 1.000 0.011 0.500 0.002 0.000 0.000 0.000 0.000
40000   99  1.5400 -0.392E+00  0.064  0.160    1.60  0.0330  0.040  0.278  0.000  0.003 1.000 0.008 0.500 0.002 0.000 0.000 0.000 0.000
