brc_bb RRTMG LUT interpolated from GADS (DAR 06/2015)
V0.1 - contains Fast-J wavelengths but is the same as the original jv_spec.dat values
  w(nm)   RH       N         iK  RgDry  RgWet      Sg       Q  Alpha  r-eff ss-alb  g-sym  pi(0)  pi(1)  pi(2)  pi(3)  pi(4)  pi(5)  pi(6)  pi(7)
  300.0   00  1.5300 -5.560e-02  0.064  0.064    1.60  2.0982  6.474  0.110  0.779  0.696  1.000  2.088  2.245  1.850  1.349  0.914  0.594  0.374
  400.0   00  1.5300 -3.330e-02  0.064  0.064    1.60  1.4305  4.414  0.110  0.845  0.638  1.000  1.915  1.876  1.347  0.865  0.505  0.290  0.158
  440.0   00  1.5300 -2.815e-02  0.064  0.064    1.60  1.2140  3.746  0.110  0.861  0.616  1.000  1.850  1.756  1.198  0.734  0.407  0.224  0.116
  500.0   00  1.5300 -2.240e-02  0.064  0.064    1.60  0.9478  2.924  0.110  0.879  0.585  1.000  1.756  1.598  1.011  0.581  0.298  0.156  0.075
  550.0   00  1.5300 -1.890e-02  0.064  0.064    1.60  0.7729  2.385  0.110  0.889  0.560  1.000  1.680  1.483  0.883  0.481  0.233  0.116  0.053
  600.0   00  1.5300 -6.000e-03  0.064  0.064    1.60  0.6100  1.882  0.110  0.960  0.534  1.000  1.602  1.382  0.773  0.403  0.184  0.089  0.038
  675.0   00  1.5298 -7.311e-03  0.064  0.064    1.60  0.4602  1.420  0.110  0.946  0.498  1.000  1.496  1.251  0.643  0.310  0.132  0.059  0.024
  800.0   00  1.5200 -1.000e-02  0.064  0.064    1.60  0.2903  0.896  0.110  0.909  0.442  1.000  1.327  1.082  0.486  0.208  0.078  0.032  0.012
  870.0   00  1.5182 -1.209e-02  0.064  0.064    1.60  0.2328  0.718  0.110  0.880  0.412  1.000  1.238  1.004  0.419  0.167  0.059  0.023  0.008
 1000.0   00  1.5200 -1.550e-02  0.064  0.064    1.60  0.1648  0.509  0.110  0.822  0.362  1.000  1.086  0.887  0.324  0.114  0.036  0.013  0.004
 1020.0   00  1.5192 -1.588e-02  0.064  0.064    1.60  0.1561  0.482  0.110  0.813  0.355  1.000  1.064  0.872  0.312  0.108  0.034  0.012  0.004
55555.6   00  1.9200 -4.000e-01  0.064  0.064    1.60  0.0111  0.034  0.110  0.000  0.001  1.000  0.002  0.500  0.000  0.000  0.000  0.000  0.000
23529.4   00  1.9504 -2.567e-01  0.064  0.064    1.60  0.0105  0.032  0.110  0.000  0.002  1.000  0.005  0.500  0.001  0.000  0.000  0.000  0.000
17699.1   00  2.0592 -2.111e-01  0.064  0.064    1.60  0.0107  0.033  0.110  0.001  0.003  1.000  0.009  0.500  0.001  0.000  0.000  0.000  0.000
15037.6   00  1.4183 -2.162e-01  0.064  0.064    1.60  0.0212  0.065  0.110  0.000  0.003  1.000  0.009  0.500  0.002  0.000  0.000  0.000  0.000
13157.9   00  1.6178 -6.092e-02  0.064  0.064    1.60  0.0059  0.018  0.110  0.002  0.004  1.000  0.013  0.500  0.002  0.000  0.000  0.000  0.000
11111.1   00  1.7079 -4.714e-02  0.064  0.064    1.60  0.0051  0.016  0.110  0.005  0.006  1.000  0.019  0.500  0.003  0.000  0.000  0.000  0.000
 9708.7   00  1.8911 -9.467e-02  0.064  0.064    1.60  0.0103  0.032  0.110  0.005  0.009  1.000  0.027  0.500  0.004  0.000  0.000  0.000  0.000
 8849.6   00  2.7038 -3.254e-01  0.064  0.064    1.60  0.0177  0.055  0.110  0.009  0.016  1.000  0.050  0.501  0.005  0.000  0.000  0.000  0.000
 7782.1   00  1.2547 -6.366e-02  0.064  0.064    1.60  0.0139  0.043  0.110  0.001  0.011  1.000  0.030  0.500  0.006  0.000  0.000  0.000  0.000
 6968.6   00  1.4342 -6.037e-02  0.064  0.064    1.60  0.0126  0.039  0.110  0.007  0.014  1.000  0.041  0.501  0.008  0.000  0.000  0.000  0.000
 6097.6   00  1.4177 -2.496e-02  0.064  0.064    1.60  0.0061  0.019  0.110  0.017  0.017  1.000  0.053  0.501  0.011  0.000  0.000  0.000  0.000
 5154.6   00  1.4492 -1.321e-02  0.064  0.064    1.60  0.0040  0.012  0.110  0.064  0.025  1.000  0.075  0.503  0.014  0.000  0.000  0.000  0.000
 4618.9   00  1.4579 -1.330e-02  0.064  0.064    1.60  0.0046  0.014  0.110  0.076  0.031  1.000  0.093  0.504  0.018  0.001  0.000  0.000  0.000
 4319.7   00  1.4606 -1.051e-02  0.064  0.064    1.60  0.0040  0.012  0.110  0.142  0.036  1.000  0.106  0.504  0.021  0.001  0.000  0.000  0.000
 4016.1   00  1.4555 -5.172e-03  0.064  0.064    1.60  0.0025  0.008  0.110  0.260  0.041  1.000  0.122  0.506  0.024  0.001  0.000  0.000  0.000
 3418.8   00  1.4345 -6.693e-03  0.064  0.064    1.60  0.0041  0.012  0.110  0.284  0.054  1.000  0.163  0.512  0.033  0.002  0.000  0.000  0.000
 3444.7   00  1.4395 -6.193e-03  0.064  0.064    1.60  0.0038  0.012  0.110  0.302  0.053  1.000  0.161  0.511  0.032  0.002  0.000  0.000  0.000
 2777.0   00  1.4173 -2.410e-02  0.064  0.064    1.60  0.0155  0.048  0.110  0.130  0.078  1.000  0.236  0.524  0.048  0.004  0.000  0.000  0.000
 2320.2   00  1.4133 -6.521e-03  0.064  0.064    1.60  0.0089  0.027  0.110  0.459  0.106  1.000  0.320  0.541  0.067  0.008  0.001  0.000  0.000
 2044.2   00  1.4152 -6.883e-03  0.064  0.064    1.60  0.0129  0.040  0.110  0.566  0.132  1.000  0.395  0.562  0.084  0.012  0.002  0.000  0.000
 1778.4   00  1.4636 -1.643e-02  0.064  0.064    1.60  0.0304  0.094  0.110  0.515  0.169  1.000  0.507  0.595  0.110  0.019  0.004  0.001  0.000
 1455.2   00  1.5119 -2.229e-02  0.064  0.064    1.60  0.0633  0.195  0.110  0.602  0.231  1.000  0.694  0.666  0.159  0.036  0.008  0.002  0.000
 1270.3   00  1.5100 -1.934e-02  0.064  0.064    1.60  0.0865  0.267  0.110  0.696  0.275  1.000  0.826  0.731  0.206  0.056  0.014  0.005  0.001
  944.3   00  1.5211 -1.422e-02  0.064  0.064    1.60  0.1919  0.592  0.110  0.847  0.383  1.000  1.149  0.932  0.360  0.133  0.044  0.016  0.005
  693.5   00  1.5298 -7.034e-03  0.064  0.064    1.60  0.4293  1.324  0.110  0.946  0.490  1.000  1.470  1.223  0.616  0.291  0.121  0.054  0.022
  527.1   00  1.5300 -2.153e-02  0.064  0.064    1.60  0.8506  2.625  0.110  0.878  0.571  1.000  1.715  1.534  0.939  0.524  0.260  0.132  0.062
  399.8   00  1.5300 -3.334e-02  0.064  0.064    1.60  1.4320  4.418  0.110  0.845  0.638  1.000  1.915  1.877  1.348  0.866  0.506  0.291  0.158
  329.1   00  1.5300 -4.669e-02  0.064  0.064    1.60  1.8864  5.821  0.110  0.805  0.678  1.000  2.033  2.121  1.673  1.168  0.753  0.468  0.279
  229.8   00  1.5300 -7.978e-02  0.064  0.064    1.60  2.4903  7.684  0.110  0.713  0.735  1.000  2.203  2.521  2.264  1.800  1.343  0.952  0.660
 7082.2   00  1.4183 -6.622e-02  0.064  0.064    1.60  0.0138  0.043  0.110  0.005  0.014  1.000  0.040  0.501  0.008  0.000  0.000  0.000  0.000
  300.0   50  1.4450 -5.560e-02  0.064  0.079    1.60  2.1713  5.421  0.137  0.758  0.756  1.000  2.268  2.674  2.448  1.994  1.507  1.085  0.761
  400.0   50  1.4400 -3.330e-02  0.064  0.079    1.60  1.5336  3.829  0.137  0.830  0.705  1.000  2.115  2.303  1.882  1.371  0.915  0.589  0.366
  440.0   50  1.4392 -2.817e-02  0.064  0.079    1.60  1.3204  3.296  0.137  0.847  0.685  1.000  2.056  2.172  1.701  1.190  0.759  0.469  0.279
  500.0   50  1.4380 -2.240e-02  0.064  0.079    1.60  1.0515  2.625  0.137  0.867  0.656  1.000  1.968  1.995  1.466  0.968  0.579  0.340  0.191
  550.0   50  1.4370 -1.890e-02  0.064  0.079    1.60  0.8704  2.173  0.137  0.878  0.632  1.000  1.896  1.862  1.300  0.819  0.466  0.262  0.141
  600.0   50  1.4370 -3.180e-03  0.064  0.079    1.60  0.6914  1.726  0.137  0.976  0.606  1.000  1.819  1.741  1.153  0.697  0.377  0.205  0.105
  675.0   50  1.4357 -4.107e-03  0.064  0.079    1.60  0.5295  1.322  0.137  0.967  0.573  1.000  1.717  1.580  0.973  0.550  0.278  0.143  0.069
  800.0   50  1.4300 -5.300e-03  0.064  0.079    1.60  0.3444  0.860  0.137  0.947  0.517  1.000  1.551  1.360  0.746  0.379  0.172  0.081  0.036
  870.0   50  1.4290 -6.402e-03  0.064  0.079    1.60  0.2784  0.695  0.137  0.930  0.487  1.000  1.461  1.256  0.647  0.310  0.133  0.060  0.026
 1000.0   50  1.4290 -8.210e-03  0.064  0.079    1.60  0.1963  0.490  0.137  0.894  0.435  1.000  1.304  1.097  0.503  0.216  0.084  0.034  0.013
 1020.0   50  1.4284 -8.406e-03  0.064  0.079    1.60  0.1859  0.464  0.137  0.888  0.428  1.000  1.281  1.076  0.485  0.205  0.079  0.031  0.012
55555.6   50  1.7380 -3.700e-01  0.064  0.079    1.60  0.0148  0.037  0.137  0.000  0.001  1.000  0.003  0.500  0.000  0.000  0.000  0.000  0.000
23529.4   50  1.7473 -3.071e-01  0.064  0.079    1.60  0.0182  0.045  0.137  0.000  0.002  1.000  0.007  0.500  0.001  0.000  0.000  0.000  0.000
17699.1   50  1.7538 -3.133e-01  0.064  0.079    1.60  0.0247  0.062  0.137  0.000  0.004  1.000  0.012  0.500  0.002  0.000  0.000  0.000  0.000
15037.6   50  1.3491 -3.041e-01  0.064  0.079    1.60  0.0387  0.097  0.137  0.000  0.004  1.000  0.013  0.500  0.003  0.000  0.000  0.000  0.000
13157.9   50  1.4002 -1.821e-01  0.064  0.079    1.60  0.0255  0.063  0.137  0.001  0.006  1.000  0.018  0.500  0.004  0.000  0.000  0.000  0.000
11111.1   50  1.4433 -7.488e-02  0.064  0.079    1.60  0.0121  0.030  0.137  0.002  0.009  1.000  0.025  0.500  0.005  0.000  0.000  0.000  0.000
 9708.7   50  1.5824 -7.220e-02  0.064  0.079    1.60  0.0121  0.031  0.137  0.005  0.011  1.000  0.035  0.501  0.006  0.000  0.000  0.000  0.000
 8849.6   50  2.0286 -1.912e-01  0.064  0.079    1.60  0.0244  0.061  0.137  0.009  0.018  1.000  0.053  0.501  0.008  0.000  0.000  0.000  0.000
 7782.1   50  1.2749 -4.978e-02  0.064  0.079    1.60  0.0131  0.033  0.137  0.003  0.016  1.000  0.046  0.501  0.010  0.000  0.000  0.000  0.000
 6968.6   50  1.3749 -4.391e-02  0.064  0.079    1.60  0.0119  0.030  0.137  0.011  0.020  1.000  0.060  0.501  0.013  0.000  0.000  0.000  0.000
 6097.6   50  1.3693 -6.134e-02  0.064  0.079    1.60  0.0194  0.048  0.137  0.010  0.026  1.000  0.078  0.503  0.015  0.000  0.000  0.000  0.000
 5154.6   50  1.3906 -8.944e-03  0.064  0.079    1.60  0.0038  0.010  0.137  0.089  0.037  1.000  0.110  0.505  0.022  0.001  0.000  0.000  0.000
 4618.9   50  1.3976 -1.440e-02  0.064  0.079    1.60  0.0066  0.017  0.137  0.101  0.045  1.000  0.135  0.508  0.027  0.002  0.000  0.000  0.000
 4319.7   50  1.4027 -1.009e-02  0.064  0.079    1.60  0.0052  0.013  0.137  0.184  0.051  1.000  0.153  0.510  0.031  0.002  0.000  0.000  0.000
 4016.1   50  1.4058 -4.964e-03  0.064  0.079    1.60  0.0035  0.009  0.137  0.344  0.059  1.000  0.176  0.513  0.036  0.002  0.000  0.000  0.000
 3418.8   50  1.4253 -1.245e-02  0.064  0.079    1.60  0.0095  0.024  0.137  0.275  0.079  1.000  0.237  0.523  0.048  0.004  0.000  0.000  0.000
 3444.7   50  1.4251 -1.055e-02  0.064  0.079    1.60  0.0083  0.021  0.137  0.307  0.078  1.000  0.234  0.523  0.048  0.004  0.000  0.000  0.000
 2777.0   50  1.3521 -1.193e-01  0.064  0.079    1.60  0.0832  0.208  0.137  0.171  0.106  1.000  0.319  0.542  0.070  0.008  0.001  0.000  0.000
 2320.2   50  1.3481  1.713e-02  0.064  0.079    1.60  0.0000  0.000  0.137  0.636  0.146  1.000  0.437  0.577  0.100  0.015  0.002  0.000  0.000
 2044.2   50  1.3621 -1.551e-03  0.064  0.079    1.60  0.0150  0.038  0.137  0.734  0.179  1.000  0.535  0.613  0.128  0.024  0.004  0.001  0.000
 1778.4   50  1.3923 -9.207e-03  0.064  0.079    1.60  0.0346  0.086  0.137  0.695  0.222  1.000  0.665  0.667  0.167  0.039  0.009  0.003  0.001
 1455.2   50  1.4224 -1.200e-02  0.064  0.079    1.60  0.0718  0.179  0.137  0.747  0.292  1.000  0.877  0.775  0.245  0.073  0.020  0.007  0.002
 1270.3   50  1.4220 -1.031e-02  0.064  0.079    1.60  0.1015  0.253  0.137  0.815  0.342  1.000  1.027  0.873  0.321  0.111  0.036  0.012  0.005
  944.3   50  1.4303 -7.541e-03  0.064  0.079    1.60  0.2288  0.571  0.137  0.910  0.456  1.000  1.369  1.159  0.558  0.251  0.102  0.043  0.017
  693.5   50  1.4359 -3.788e-03  0.064  0.079    1.60  0.4964  1.239  0.137  0.968  0.564  1.000  1.692  1.544  0.933  0.519  0.259  0.131  0.062
  527.1   50  1.4373 -2.181e-02  0.064  0.079    1.60  0.9521  2.377  0.137  0.864  0.643  1.000  1.929  1.921  1.373  0.883  0.514  0.295  0.162
  399.8   50  1.4400 -3.334e-02  0.064  0.079    1.60  1.5350  3.833  0.137  0.830  0.705  1.000  2.115  2.304  1.883  1.372  0.916  0.590  0.367
  329.1   50  1.4429 -4.669e-02  0.064  0.079    1.60  1.9739  4.929  0.137  0.785  0.740  1.000  2.221  2.553  2.256  1.771  1.284  0.888  0.597
  229.8   50  1.4519 -7.978e-02  0.064  0.079    1.60  2.5256  6.306  0.137  0.690  0.788  1.000  2.363  2.929  2.877  2.521  2.067  1.611  1.224
 7082.2   50  1.3677 -4.861e-02  0.064  0.079    1.60  0.0131  0.033  0.137  0.009  0.019  1.000  0.058  0.501  0.012  0.000  0.000  0.000  0.000
  300.0   70  1.4230 -5.560e-02  0.064  0.086    1.60  2.2288  5.116  0.149  0.752  0.775  1.000  2.325  2.821  2.674  2.258  1.771  1.324  0.963
  400.0   70  1.4180 -3.330e-02  0.064  0.086    1.60  1.6125  3.701  0.149  0.826  0.727  1.000  2.181  2.456  2.096  1.593  1.111  0.744  0.482
  440.0   70  1.4163 -2.817e-02  0.064  0.086    1.60  1.3959  3.204  0.149  0.844  0.709  1.000  2.126  2.328  1.909  1.396  0.934  0.602  0.375
  500.0   70  1.4150 -2.240e-02  0.064  0.086    1.60  1.1231  2.578  0.149  0.864  0.681  1.000  2.043  2.149  1.661  1.150  0.724  0.443  0.261
  550.0   70  1.4140 -1.890e-02  0.064  0.086    1.60  0.9372  2.151  0.149  0.877  0.658  1.000  1.975  2.012  1.483  0.982  0.589  0.347  0.196
  600.0   70  1.4130 -2.469e-03  0.064  0.086    1.60  0.7470  1.715  0.149  0.981  0.633  1.000  1.899  1.888  1.324  0.844  0.483  0.275  0.148
  675.0   70  1.4130 -3.297e-03  0.064  0.086    1.60  0.5799  1.331  0.149  0.973  0.601  1.000  1.802  1.719  1.126  0.673  0.361  0.193  0.099
  800.0   70  1.4080 -4.120e-03  0.064  0.086    1.60  0.3817  0.876  0.149  0.959  0.547  1.000  1.641  1.484  0.871  0.471  0.228  0.113  0.053
  870.0   70  1.4067 -4.968e-03  0.064  0.086    1.60  0.3094  0.710  0.149  0.946  0.517  1.000  1.553  1.372  0.759  0.388  0.178  0.084  0.038
 1000.0   70  1.4060 -6.380e-03  0.064  0.086    1.60  0.2180  0.500  0.149  0.917  0.466  1.000  1.398  1.197  0.595  0.274  0.114  0.050  0.021
 1020.0   70  1.4055 -6.529e-03  0.064  0.086    1.60  0.2067  0.474  0.149  0.913  0.459  1.000  1.375  1.174  0.574  0.260  0.107  0.046  0.019
55555.6   70  1.6920 -3.620e-01  0.064  0.086    1.60  0.0164  0.038  0.149  0.000  0.001  1.000  0.003  0.500  0.001  0.000  0.000  0.000  0.000
23529.4   70  1.6956 -3.202e-01  0.064  0.086    1.60  0.0216  0.050  0.149  0.000  0.003  1.000  0.007  0.500  0.001  0.000  0.000  0.000  0.000
17699.1   70  1.6768 -3.387e-01  0.064  0.086    1.60  0.0310  0.071  0.149  0.000  0.004  1.000  0.013  0.500  0.002  0.000  0.000  0.000  0.000
15037.6   70  1.3326 -3.263e-01  0.064  0.086    1.60  0.0457  0.105  0.149  0.000  0.005  1.000  0.015  0.500  0.003  0.000  0.000  0.000  0.000
13157.9   70  1.3455 -2.119e-01  0.064  0.086    1.60  0.0335  0.077  0.149  0.000  0.007  1.000  0.020  0.500  0.004  0.000  0.000  0.000  0.000
11111.1   70  1.3770 -8.183e-02  0.064  0.086    1.60  0.0150  0.035  0.149  0.002  0.010  1.000  0.028  0.500  0.006  0.000  0.000  0.000  0.000
 9708.7   70  1.5043 -6.652e-02  0.064  0.086    1.60  0.0129  0.030  0.149  0.005  0.013  1.000  0.040  0.501  0.007  0.000  0.000  0.000  0.000
 8849.6   70  1.8581 -1.572e-01  0.064  0.086    1.60  0.0254  0.059  0.149  0.010  0.019  1.000  0.058  0.501  0.009  0.000  0.000  0.000  0.000
 7782.1   70  1.2800 -4.629e-02  0.064  0.086    1.60  0.0132  0.030  0.149  0.005  0.019  1.000  0.055  0.501  0.011  0.000  0.000  0.000  0.000
 6968.6   70  1.3592 -3.979e-02  0.064  0.086    1.60  0.0119  0.027  0.149  0.014  0.023  1.000  0.070  0.502  0.015  0.000  0.000  0.000  0.000
 6097.6   70  1.3578 -7.045e-02  0.064  0.086    1.60  0.0246  0.056  0.149  0.010  0.031  1.000  0.091  0.504  0.018  0.001  0.000  0.000  0.000
 5154.6   70  1.3758 -7.824e-03  0.064  0.086    1.60  0.0038  0.008  0.149  0.104  0.042  1.000  0.127  0.507  0.026  0.001  0.000  0.000  0.000
 4618.9   70  1.3823 -1.463e-02  0.064  0.086    1.60  0.0075  0.017  0.149  0.116  0.052  1.000  0.156  0.511  0.032  0.002  0.000  0.000  0.000
 4319.7   70  1.3885 -9.953e-03  0.064  0.086    1.60  0.0059  0.013  0.149  0.210  0.059  1.000  0.177  0.514  0.037  0.002  0.000  0.000  0.000
 4016.1   70  1.3937 -4.919e-03  0.064  0.086    1.60  0.0041  0.009  0.149  0.386  0.067  1.000  0.204  0.518  0.042  0.003  0.000  0.000  0.000
 3418.8   70  1.4231 -1.389e-02  0.064  0.086    1.60  0.0121  0.028  0.149  0.297  0.092  1.000  0.275  0.531  0.056  0.006  0.001  0.000  0.000
 3444.7   70  1.4219 -1.164e-02  0.064  0.086    1.60  0.0105  0.025  0.149  0.333  0.090  1.000  0.272  0.530  0.055  0.005  0.001  0.000  0.000
 2777.0   70  1.3356 -1.426e-01  0.064  0.086    1.60  0.1093  0.251  0.149  0.200  0.120  1.000  0.361  0.553  0.082  0.011  0.002  0.000  0.000
 2320.2   70  1.3318  2.294e-02  0.064  0.086    1.60  0.0000  0.000  0.149  0.706  0.165  1.000  0.495  0.598  0.118  0.021  0.004  0.001  0.000
 2044.2   70  1.3492 -2.238e-04  0.064  0.086    1.60  0.0173  0.040  0.149  0.791  0.200  1.000  0.602  0.641  0.150  0.033  0.007  0.002  0.001
 1778.4   70  1.3750 -7.383e-03  0.064  0.086    1.60  0.0385  0.088  0.149  0.760  0.246  1.000  0.740  0.705  0.198  0.051  0.013  0.004  0.001
 1455.2   70  1.4002 -9.428e-03  0.064  0.086    1.60  0.0792  0.182  0.149  0.799  0.320  1.000  0.961  0.833  0.292  0.095  0.029  0.009  0.003
 1270.3   70  1.3999 -8.004e-03  0.064  0.086    1.60  0.1129  0.260  0.149  0.855  0.373  1.000  1.117  0.946  0.381  0.142  0.049  0.019  0.006
  944.3   70  1.4069 -5.860e-03  0.064  0.086    1.60  0.2533  0.581  0.149  0.929  0.487  1.000  1.463  1.266  0.659  0.317  0.137  0.062  0.027
  693.5   70  1.4130 -2.969e-03  0.064  0.086    1.60  0.5445  1.250  0.149  0.975  0.593  1.000  1.778  1.680  1.082  0.637  0.336  0.178  0.090
  527.1   70  1.4145 -2.188e-02  0.064  0.086    1.60  1.0220  2.346  0.149  0.861  0.669  1.000  2.007  2.073  1.562  1.055  0.647  0.387  0.223
  399.8   70  1.4180 -3.334e-02  0.064  0.086    1.60  1.6139  3.704  0.149  0.826  0.727  1.000  2.181  2.457  2.097  1.594  1.112  0.745  0.483
  329.1   70  1.4207 -4.669e-02  0.064  0.086    1.60  2.0416  4.686  0.149  0.781  0.760  1.000  2.280  2.704  2.480  2.023  1.526  1.098  0.767
  229.8   70  1.4322 -7.978e-02  0.064  0.086    1.60  2.5605  5.876  0.149  0.683  0.803  1.000  2.411  3.063  3.098  2.804  2.373  1.912  1.500
 7082.2   70  1.3542 -4.418e-02  0.064  0.086    1.60  0.0131  0.030  0.149  0.011  0.023  1.000  0.068  0.502  0.015  0.000  0.000  0.000  0.000
  300.0   80  1.4090 -5.560e-02  0.064  0.092    1.60  2.2902  4.896  0.159  0.748  0.789  1.000  2.366  2.933  2.854  2.478  2.000  1.538  1.151
  400.0   80  1.4030 -3.330e-02  0.064  0.092    1.60  1.6905  3.614  0.159  0.824  0.744  1.000  2.232  2.580  2.275  1.788  1.291  0.893  0.598
  440.0   80  1.4013 -2.817e-02  0.064  0.092    1.60  1.4744  3.152  0.159  0.842  0.726  1.000  2.180  2.453  2.084  1.579  1.095  0.731  0.470
  500.0   80  1.4000 -2.240e-02  0.064  0.092    1.60  1.1980  2.561  0.159  0.864  0.701  1.000  2.102  2.275  1.829  1.314  0.860  0.546  0.333
  550.0   80  1.3990 -1.890e-02  0.064  0.092    1.60  1.0071  2.153  0.159  0.876  0.679  1.000  2.037  2.138  1.642  1.131  0.708  0.432  0.253
  600.0   80  1.3980 -1.990e-03  0.064  0.092    1.60  0.8096  1.731  0.159  0.985  0.654  1.000  1.963  2.011  1.474  0.979  0.585  0.345  0.194
  675.0   80  1.3968 -2.762e-03  0.064  0.092    1.60  0.6298  1.347  0.159  0.978  0.624  1.000  1.871  1.839  1.264  0.790  0.444  0.248  0.132
  800.0   80  1.3930 -3.320e-03  0.064  0.092    1.60  0.4205  0.899  0.159  0.967  0.572  1.000  1.716  1.594  0.987  0.560  0.285  0.147  0.072
  870.0   80  1.3916 -4.003e-03  0.064  0.092    1.60  0.3419  0.731  0.159  0.956  0.543  1.000  1.630  1.476  0.864  0.465  0.225  0.111  0.052
 1000.0   80  1.3910 -5.160e-03  0.064  0.092    1.60  0.2419  0.517  0.159  0.934  0.493  1.000  1.478  1.290  0.681  0.332  0.146  0.067  0.029
 1020.0   80  1.3905 -5.278e-03  0.064  0.092    1.60  0.2294  0.490  0.159  0.931  0.486  1.000  1.456  1.265  0.658  0.316  0.137  0.062  0.027
55555.6   80  1.6610 -3.570e-01  0.064  0.092    1.60  0.0179  0.038  0.159  0.000  0.001  1.000  0.004  0.500  0.001  0.000  0.000  0.000  0.000
23529.4   80  1.6613 -3.284e-01  0.064  0.092    1.60  0.0245  0.052  0.159  0.000  0.003  1.000  0.008  0.500  0.002  0.000  0.000  0.000  0.000
17699.1   80  1.6256 -3.555e-01  0.064  0.092    1.60  0.0364  0.078  0.159  0.000  0.005  1.000  0.014  0.500  0.003  0.000  0.000  0.000  0.000
15037.6   80  1.3208 -3.410e-01  0.064  0.092    1.60  0.0517  0.111  0.159  0.000  0.006  1.000  0.017  0.500  0.004  0.000  0.000  0.000  0.000
13157.9   80  1.3095 -2.322e-01  0.064  0.092    1.60  0.0404  0.086  0.159  0.000  0.008  1.000  0.022  0.500  0.005  0.000  0.000  0.000  0.000
11111.1   80  1.3334 -8.638e-02  0.064  0.092    1.60  0.0176  0.038  0.159  0.002  0.011  1.000  0.032  0.501  0.007  0.000  0.000  0.000  0.000
 9708.7   80  1.4521 -6.274e-02  0.064  0.092    1.60  0.0136  0.029  0.159  0.006  0.015  1.000  0.045  0.501  0.009  0.000  0.000  0.000  0.000
 8849.6   80  1.7451 -1.346e-01  0.064  0.092    1.60  0.0258  0.055  0.159  0.011  0.021  1.000  0.062  0.502  0.010  0.000  0.000  0.000  0.000
 7782.1   80  1.2840 -4.391e-02  0.064  0.092    1.60  0.0135  0.029  0.159  0.006  0.021  1.000  0.063  0.502  0.013  0.000  0.000  0.000  0.000
 6968.6   80  1.3490 -3.699e-02  0.064  0.092    1.60  0.0120  0.025  0.159  0.017  0.027  1.000  0.080  0.503  0.017  0.000  0.000  0.000  0.000
 6097.6   80  1.3490 -7.659e-02  0.064  0.092    1.60  0.0289  0.062  0.159  0.011  0.035  1.000  0.104  0.505  0.022  0.001  0.000  0.000  0.000
 5154.6   80  1.3668 -7.145e-03  0.064  0.092    1.60  0.0039  0.009  0.159  0.120  0.048  1.000  0.144  0.509  0.029  0.002  0.000  0.000  0.000
 4618.9   80  1.3724 -1.489e-02  0.064  0.092    1.60  0.0083  0.018  0.159  0.132  0.059  1.000  0.177  0.514  0.036  0.003  0.000  0.000  0.000
 4319.7   80  1.3788 -9.915e-03  0.064  0.092    1.60  0.0067  0.014  0.159  0.234  0.067  1.000  0.201  0.518  0.041  0.003  0.000  0.000  0.000
 4016.1   80  1.3856 -4.876e-03  0.064  0.092    1.60  0.0048  0.010  0.159  0.424  0.076  1.000  0.230  0.523  0.048  0.004  0.000  0.000  0.000
 3418.8   80  1.4211 -1.489e-02  0.064  0.092    1.60  0.0145  0.031  0.159  0.321  0.103  1.000  0.311  0.539  0.064  0.007  0.001  0.000  0.000
 3444.7   80  1.4192 -1.240e-02  0.064  0.092    1.60  0.0126  0.027  0.159  0.359  0.102  1.000  0.307  0.538  0.063  0.007  0.001  0.000  0.000
 2777.0   80  1.3246 -1.588e-01  0.064  0.092    1.60  0.1317  0.281  0.159  0.226  0.134  1.000  0.400  0.564  0.093  0.013  0.002  0.000  0.000
 2320.2   80  1.3215  2.695e-02  0.064  0.092    1.60  0.0000  0.000  0.159  0.762  0.183  1.000  0.550  0.619  0.136  0.027  0.006  0.001  0.000
 2044.2   80  1.3405  6.735e-04  0.064  0.092    1.60  0.0200  0.043  0.159  0.830  0.221  1.000  0.664  0.670  0.173  0.041  0.010  0.003  0.001
 1778.4   80  1.3624 -6.175e-03  0.064  0.092    1.60  0.0429  0.091  0.159  0.808  0.269  1.000  0.808  0.745  0.228  0.065  0.018  0.006  0.002
 1455.2   80  1.3851 -7.701e-03  0.064  0.092    1.60  0.0876  0.188  0.159  0.839  0.346  1.000  1.037  0.890  0.338  0.118  0.039  0.014  0.005
 1270.3   80  1.3849 -6.472e-03  0.064  0.092    1.60  0.1254  0.268  0.159  0.884  0.399  1.000  1.197  1.016  0.439  0.176  0.065  0.025  0.009
  944.3   80  1.3920 -4.740e-03  0.064  0.092    1.60  0.2808  0.600  0.159  0.943  0.514  1.000  1.542  1.364  0.752  0.382  0.175  0.083  0.037
  693.5   80  1.3969 -2.426e-03  0.064  0.092    1.60  0.5928  1.267  0.159  0.980  0.616  1.000  1.847  1.799  1.217  0.750  0.415  0.228  0.120
  527.1   80  1.3995 -2.193e-02  0.064  0.092    1.60  1.0944  2.340  0.159  0.860  0.690  1.000  2.068  2.199  1.725  1.210  0.773  0.480  0.286
  399.8   80  1.4030 -3.334e-02  0.064  0.092    1.60  1.6919  3.617  0.159  0.824  0.744  1.000  2.232  2.581  2.276  1.789  1.292  0.894  0.599
  329.1   80  1.4060 -4.669e-02  0.064  0.092    1.60  2.1106  4.512  0.159  0.777  0.775  1.000  2.325  2.821  2.662  2.237  1.740  1.290  0.929
  229.8   80  1.4193 -7.978e-02  0.064  0.092    1.60  2.5947  5.547  0.159  0.676  0.815  1.000  2.447  3.165  3.274  3.036  2.636  2.180  1.756
 7082.2   80  1.3455 -4.120e-02  0.064  0.092    1.60  0.0132  0.028  0.159  0.014  0.026  1.000  0.078  0.503  0.016  0.000  0.000  0.000  0.000
  300.0   90  1.3900 -5.560e-02  0.064  0.104    1.60  2.4116  4.533  0.181  0.740  0.809  1.000  2.428  3.112  3.157  2.868  2.427  1.957  1.535
  400.0   90  1.3820 -3.330e-02  0.064  0.104    1.60  1.8521  3.481  0.181  0.821  0.771  1.000  2.312  2.787  2.593  2.150  1.643  1.200  0.848
  440.0   90  1.3812 -2.818e-02  0.064  0.104    1.60  1.6437  3.089  0.181  0.841  0.755  1.000  2.265  2.665  2.397  1.922  1.416  0.998  0.681
  500.0   90  1.3790 -2.240e-02  0.064  0.104    1.60  1.3574  2.552  0.181  0.863  0.732  1.000  2.196  2.495  2.137  1.633  1.141  0.768  0.498
  550.0   90  1.3780 -1.890e-02  0.064  0.104    1.60  1.1573  2.175  0.181  0.877  0.713  1.000  2.139  2.360  1.941  1.427  0.956  0.620  0.387
  600.0   90  1.3770 -1.360e-03  0.064  0.104    1.60  0.9481  1.782  0.181  0.990  0.690  1.000  2.069  2.231  1.759  1.250  0.804  0.504  0.303
  675.0   90  1.3760 -2.030e-03  0.064  0.104    1.60  0.7486  1.407  0.181  0.983  0.663  1.000  1.987  2.057  1.531  1.029  0.624  0.373  0.212
  800.0   90  1.3720 -2.260e-03  0.064  0.104    1.60  0.5089  0.957  0.181  0.978  0.615  1.000  1.846  1.802  1.220  0.751  0.416  0.230  0.121
  870.0   90  1.3708 -2.720e-03  0.064  0.104    1.60  0.4173  0.785  0.181  0.971  0.589  1.000  1.767  1.676  1.078  0.632  0.334  0.177  0.090
 1000.0   90  1.3710 -3.510e-03  0.064  0.104    1.60  0.2995  0.563  0.181  0.957  0.541  1.000  1.622  1.472  0.862  0.462  0.224  0.110  0.052
 1020.0   90  1.3707 -3.586e-03  0.064  0.104    1.60  0.2848  0.535  0.181  0.955  0.534  1.000  1.600  1.444  0.834  0.441  0.211  0.102  0.048
55555.6   90  1.6200 -3.500e-01  0.064  0.104    1.60  0.0206  0.039  0.181  0.000  0.002  1.000  0.005  0.500  0.001  0.000  0.000  0.000  0.000
23529.4   90  1.6157 -3.402e-01  0.064  0.104    1.60  0.0299  0.056  0.181  0.000  0.004  1.000  0.011  0.500  0.002  0.000  0.000  0.000  0.000
17699.1   90  1.5566 -3.785e-01  0.064  0.104    1.60  0.0466  0.088  0.181  0.001  0.006  1.000  0.018  0.500  0.003  0.000  0.000  0.000  0.000
15037.6   90  1.3054 -3.605e-01  0.064  0.104    1.60  0.0630  0.118  0.181  0.000  0.007  1.000  0.022  0.500  0.005  0.000  0.000  0.000  0.000
13157.9   90  1.2598 -2.591e-01  0.064  0.104    1.60  0.0532  0.100  0.181  0.001  0.010  1.000  0.028  0.500  0.006  0.000  0.000  0.000  0.000
11111.1   90  1.2730 -9.268e-02  0.064  0.104    1.60  0.0224  0.042  0.181  0.002  0.014  1.000  0.040  0.501  0.009  0.000  0.000  0.000  0.000
 9708.7   90  1.3823 -5.753e-02  0.064  0.104    1.60  0.0149  0.028  0.181  0.007  0.018  1.000  0.055  0.501  0.011  0.000  0.000  0.000  0.000
 8849.6   90  1.5916 -1.040e-01  0.064  0.104    1.60  0.0257  0.048  0.181  0.013  0.025  1.000  0.074  0.502  0.014  0.000  0.000  0.000  0.000
 7782.1   90  1.2885 -4.080e-02  0.064  0.104    1.60  0.0143  0.026  0.181  0.010  0.027  1.000  0.081  0.503  0.017  0.001  0.000  0.000  0.000
 6968.6   90  1.3358 -3.330e-02  0.064  0.104    1.60  0.0126  0.024  0.181  0.024  0.034  1.000  0.103  0.505  0.021  0.001  0.000  0.000  0.000
 6097.6   90  1.3384 -8.480e-02  0.064  0.104    1.60  0.0369  0.069  0.181  0.013  0.043  1.000  0.131  0.507  0.028  0.001  0.000  0.000  0.000
 5154.6   90  1.3531 -6.183e-03  0.064  0.104    1.60  0.0044  0.008  0.181  0.154  0.061  1.000  0.182  0.514  0.038  0.003  0.000  0.000  0.000
 4618.9   90  1.3582 -1.508e-02  0.064  0.104    1.60  0.0103  0.019  0.181  0.167  0.073  1.000  0.221  0.521  0.047  0.004  0.000  0.000  0.000
 4319.7   90  1.3654 -9.800e-03  0.064  0.104    1.60  0.0082  0.015  0.181  0.287  0.083  1.000  0.250  0.526  0.053  0.004  0.000  0.000  0.000
 4016.1   90  1.3744 -4.832e-03  0.064  0.104    1.60  0.0063  0.012  0.181  0.499  0.095  1.000  0.286  0.534  0.061  0.006  0.001  0.000  0.000
 3418.8   90  1.4195 -1.617e-02  0.064  0.104    1.60  0.0198  0.038  0.181  0.376  0.128  1.000  0.384  0.558  0.082  0.011  0.002  0.000  0.000
 3444.7   90  1.4160 -1.337e-02  0.064  0.104    1.60  0.0173  0.033  0.181  0.417  0.126  1.000  0.379  0.557  0.080  0.010  0.002  0.000  0.000
 2777.0   90  1.3102 -1.797e-01  0.064  0.104    1.60  0.1730  0.326  0.181  0.270  0.160  1.000  0.479  0.592  0.118  0.022  0.004  0.002  0.000
 2320.2   90  1.3068  3.216e-02  0.064  0.104    1.60  0.0000  0.000  0.181  0.850  0.220  1.000  0.659  0.669  0.176  0.041  0.010  0.003  0.000
 2044.2   90  1.3288  1.867e-03  0.064  0.104    1.60  0.0272  0.051  0.181  0.885  0.262  1.000  0.787  0.736  0.225  0.063  0.017  0.005  0.002
 1778.4   90  1.3460 -4.528e-03  0.064  0.104    1.60  0.0547  0.102  0.181  0.877  0.315  1.000  0.943  0.831  0.296  0.096  0.030  0.010  0.004
 1455.2   90  1.3649 -5.369e-03  0.064  0.104    1.60  0.1092  0.205  0.181  0.894  0.394  1.000  1.183  1.009  0.437  0.175  0.065  0.025  0.009
 1270.3   90  1.3648 -4.422e-03  0.064  0.104    1.60  0.1566  0.295  0.181  0.926  0.449  1.000  1.346  1.160  0.566  0.254  0.104  0.044  0.019
  944.3   90  1.3712 -3.229e-03  0.064  0.104    1.60  0.3448  0.648  0.181  0.963  0.562  1.000  1.683  1.554  0.947  0.527  0.265  0.134  0.066
  693.5   90  1.3760 -1.686e-03  0.064  0.104    1.60  0.7071  1.329  0.181  0.985  0.656  1.000  1.966  2.016  1.479  0.980  0.587  0.346  0.195
  527.1   90  1.3783 -2.199e-02  0.064  0.104    1.60  1.2485  2.347  0.181  0.860  0.722  1.000  2.167  2.421  2.029  1.518  1.036  0.683  0.434
  399.8   90  1.3820 -3.334e-02  0.064  0.104    1.60  1.8535  3.484  0.181  0.821  0.771  1.000  2.312  2.788  2.594  2.152  1.645  1.201  0.849
  329.1   90  1.3865 -4.669e-02  0.064  0.104    1.60  2.2537  4.236  0.181  0.771  0.797  1.000  2.392  3.009  2.970  2.619  2.143  1.669  1.263
  229.8   90  1.4014 -7.978e-02  0.064  0.104    1.60  2.6533  4.987  0.181  0.665  0.834  1.000  2.501  3.328  3.568  3.443  3.116  2.693  2.265
 7082.2   90  1.3343 -3.724e-02  0.064  0.104    1.60  0.0139  0.026  0.181  0.021  0.033  1.000  0.099  0.504  0.020  0.001  0.000  0.000  0.000
  300.0   95  1.3760 -5.560e-02  0.064  0.120    1.60  2.5384  4.162  0.208  0.731  0.827  1.000  2.482  3.274  3.448  3.265  2.888  2.438  2.002
  400.0   95  1.3680 -3.330e-02  0.064  0.120    1.60  2.0549  3.369  0.208  0.819  0.793  1.000  2.380  2.978  2.905  2.531  2.040  1.567  1.167
  440.0   95  1.3664 -2.818e-02  0.064  0.120    1.60  1.8507  3.034  0.208  0.840  0.780  1.000  2.340  2.868  2.718  2.297  1.790  1.331  0.959
  500.0   95  1.3640 -2.240e-02  0.064  0.120    1.60  1.5625  2.562  0.208  0.864  0.761  1.000  2.282  2.710  2.460  1.992  1.480  1.054  0.724
  550.0   95  1.3630 -1.890e-02  0.064  0.120    1.60  1.3543  2.220  0.208  0.879  0.744  1.000  2.231  2.582  2.262  1.768  1.265  0.869  0.576
  600.0   95  1.3620 -9.003e-04  0.064  0.120    1.60  1.1368  1.864  0.208  0.993  0.722  1.000  2.166  2.454  2.070  1.568  1.080  0.719  0.460
  675.0   95  1.3610 -1.514e-03  0.064  0.120    1.60  0.9131  1.497  0.208  0.989  0.698  1.000  2.095  2.286  1.831  1.319  0.862  0.548  0.335
  800.0   95  1.3580 -1.500e-03  0.064  0.120    1.60  0.6384  1.047  0.208  0.986  0.657  1.000  1.972  2.029  1.494  0.993  0.597  0.353  0.200
  870.0   95  1.3570 -1.797e-03  0.064  0.120    1.60  0.5296  0.868  0.208  0.982  0.633  1.000  1.901  1.899  1.334  0.849  0.488  0.278  0.152
 1000.0   95  1.3560 -2.330e-03  0.064  0.120    1.60  0.3831  0.628  0.208  0.974  0.589  1.000  1.768  1.683  1.087  0.638  0.338  0.180  0.092
 1020.0   95  1.3556 -2.376e-03  0.064  0.120    1.60  0.3647  0.598  0.208  0.973  0.582  1.000  1.748  1.653  1.054  0.611  0.320  0.169  0.085
55555.6   95  1.5900 -3.460e-01  0.064  0.120    1.60  0.0239  0.039  0.208  0.000  0.002  1.000  0.006  0.500  0.001  0.000  0.000  0.000  0.000
23529.4   95  1.5824 -3.474e-01  0.064  0.120    1.60  0.0361  0.059  0.208  0.000  0.004  1.000  0.014  0.500  0.003  0.000  0.000  0.000  0.000
17699.1   95  1.5074 -3.952e-01  0.064  0.120    1.60  0.0579  0.095  0.208  0.001  0.007  1.000  0.023  0.500  0.004  0.000  0.000  0.000  0.000
15037.6   95  1.2936 -3.753e-01  0.064  0.120    1.60  0.0758  0.125  0.208  0.001  0.010  1.000  0.029  0.500  0.006  0.000  0.000  0.000  0.000
13157.9   95  1.2244 -2.797e-01  0.064  0.120    1.60  0.0672  0.110  0.208  0.001  0.012  1.000  0.036  0.501  0.008  0.000  0.000  0.000  0.000
11111.1   95  1.2304 -9.734e-02  0.064  0.120    1.60  0.0276  0.045  0.208  0.002  0.018  1.000  0.052  0.501  0.012  0.000  0.000  0.000  0.000
 9708.7   95  1.3321 -5.393e-02  0.064  0.120    1.60  0.0167  0.028  0.208  0.009  0.024  1.000  0.070  0.502  0.014  0.000  0.000  0.000  0.000
 8849.6   95  1.4827 -8.182e-02  0.064  0.120    1.60  0.0254  0.041  0.208  0.015  0.031  1.000  0.091  0.503  0.017  0.001  0.000  0.000  0.000
 7782.1   95  1.2916 -3.864e-02  0.064  0.120    1.60  0.0155  0.026  0.208  0.017  0.035  1.000  0.106  0.505  0.023  0.001  0.000  0.000  0.000
 6968.6   95  1.3260 -3.060e-02  0.064  0.120    1.60  0.0136  0.023  0.208  0.034  0.044  1.000  0.131  0.508  0.028  0.001  0.000  0.000  0.000
 6097.6   95  1.3307 -9.072e-02  0.064  0.120    1.60  0.0460  0.075  0.208  0.017  0.056  1.000  0.168  0.512  0.035  0.002  0.000  0.000  0.000
 5154.6   95  1.3441 -5.468e-03  0.064  0.120    1.60  0.0052  0.009  0.208  0.202  0.077  1.000  0.231  0.523  0.049  0.004  0.001  0.000  0.000
 4618.9   95  1.3483 -1.523e-02  0.064  0.120    1.60  0.0127  0.021  0.208  0.217  0.094  1.000  0.280  0.533  0.060  0.007  0.001  0.000  0.000
 4319.7   95  1.3559 -9.711e-03  0.064  0.120    1.60  0.0105  0.017  0.208  0.353  0.105  1.000  0.315  0.541  0.068  0.008  0.001  0.000  0.000
 4016.1   95  1.3664 -4.799e-03  0.064  0.120    1.60  0.0088  0.014  0.208  0.579  0.119  1.000  0.359  0.552  0.078  0.010  0.002  0.000  0.000
 3418.8   95  1.4175 -1.709e-02  0.064  0.120    1.60  0.0273  0.045  0.208  0.444  0.159  1.000  0.477  0.588  0.105  0.017  0.003  0.001  0.000
 3444.7   95  1.4133 -1.407e-02  0.064  0.120    1.60  0.0240  0.039  0.208  0.486  0.157  1.000  0.471  0.586  0.104  0.017  0.003  0.001  0.000
 2777.0   95  1.2994 -1.950e-01  0.064  0.120    1.60  0.2200  0.360  0.208  0.309  0.192  1.000  0.578  0.631  0.153  0.034  0.007  0.002  0.000
 2320.2   95  1.2961  3.597e-02  0.064  0.120    1.60  0.0000  0.000  0.208  0.922  0.264  1.000  0.792  0.741  0.232  0.065  0.018  0.005  0.002
 2044.2   95  1.3197  2.724e-03  0.064  0.120    1.60  0.0390  0.064  0.208  0.925  0.311  1.000  0.932  0.828  0.296  0.096  0.030  0.010  0.004
 1778.4   95  1.3355 -3.363e-03  0.064  0.120    1.60  0.0745  0.122  0.208  0.927  0.366  1.000  1.098  0.948  0.390  0.146  0.052  0.020  0.007
 1455.2   95  1.3499 -3.703e-03  0.064  0.120    1.60  0.1432  0.235  0.208  0.934  0.448  1.000  1.345  1.163  0.570  0.256  0.107  0.045  0.019
 1270.3   95  1.3508 -2.961e-03  0.064  0.120    1.60  0.2054  0.337  0.208  0.955  0.502  1.000  1.506  1.337  0.731  0.366  0.166  0.077  0.035
  944.3   95  1.3567 -2.147e-03  0.064  0.120    1.60  0.4397  0.721  0.208  0.977  0.608  1.000  1.825  1.771  1.185  0.720  0.395  0.216  0.114
  693.5   95  1.3610 -1.163e-03  0.064  0.120    1.60  0.8663  1.420  0.208  0.990  0.692  1.000  2.077  2.245  1.775  1.264  0.815  0.513  0.309
  527.1   95  1.3634 -2.204e-02  0.064  0.120    1.60  1.4495  2.376  0.208  0.862  0.752  1.000  2.256  2.641  2.352  1.867  1.359  0.949  0.639
  399.8   95  1.3680 -3.334e-02  0.064  0.120    1.60  2.0562  3.371  0.208  0.819  0.793  1.000  2.380  2.979  2.906  2.533  2.042  1.569  1.169
  329.1   95  1.3724 -4.669e-02  0.064  0.120    1.60  2.4130  3.956  0.208  0.764  0.817  1.000  2.450  3.180  3.269  3.011  2.582  2.110  1.675
  229.8   95  1.3886 -7.978e-02  0.064  0.120    1.60  2.7014  4.429  0.208  0.651  0.849  1.000  2.546  3.475  3.847  3.854  3.630  3.271  2.869
 7082.2   95  1.3258 -3.436e-02  0.064  0.120    1.60  0.0150  0.025  0.208  0.031  0.042  1.000  0.128  0.507  0.027  0.001  0.000  0.000  0.000
  300.0   99  1.3600 -5.560e-02  0.064  0.160    1.60  2.7309  3.345  0.278  0.706  0.853  1.000  2.560  3.535  3.956  4.022  3.849  3.533  3.160
  400.0   99  1.3510 -3.330e-02  0.064  0.160    1.60  2.4830  3.042  0.278  0.810  0.827  1.000  2.482  3.295  3.473  3.294  2.911  2.456  2.013
  440.0   99  1.3493 -2.818e-02  0.064  0.160    1.60  2.3286  2.853  0.278  0.836  0.818  1.000  2.454  3.210  3.311  3.066  2.636  2.161  1.720
  500.0   99  1.3470 -2.240e-02  0.064  0.160    1.60  2.0766  2.544  0.278  0.865  0.804  1.000  2.413  3.088  3.086  2.762  2.285  1.802  1.377
  550.0   99  1.3450 -1.890e-02  0.064  0.160    1.60  1.8659  2.286  0.278  0.882  0.793  1.000  2.380  2.988  2.910  2.534  2.034  1.557  1.153
  600.0   99  1.3440 -3.748e-04  0.064  0.160    1.60  1.6614  2.035  0.278  0.997  0.774  1.000  2.321  2.869  2.710  2.297  1.784  1.326  0.951
  675.0   99  1.3429 -9.184e-04  0.064  0.160    1.60  1.3914  1.705  0.278  0.994  0.759  1.000  2.276  2.730  2.483  2.025  1.508  1.078  0.742
  800.0   99  1.3410 -6.260e-04  0.064  0.160    1.60  1.0376  1.271  0.278  0.995  0.730  1.000  2.189  2.500  2.132  1.630  1.134  0.763  0.493
  870.0   99  1.3400 -7.399e-04  0.064  0.160    1.60  0.8838  1.082  0.278  0.994  0.713  1.000  2.138  2.377  1.955  1.443  0.967  0.630  0.394
 1000.0   99  1.3390 -9.730e-04  0.064  0.160    1.60  0.6661  0.816  0.278  0.991  0.679  1.000  2.038  2.161  1.662  1.150  0.722  0.443  0.261
 1020.0   99  1.3387 -9.849e-04  0.064  0.160    1.60  0.6379  0.782  0.278  0.991  0.674  1.000  2.022  2.130  1.622  1.111  0.691  0.420  0.245
55555.6   99  1.5560 -3.400e-01  0.064  0.160    1.60  0.0324  0.040  0.278  0.000  0.004  1.000  0.011  0.500  0.002  0.000  0.000  0.000  0.000
23529.4   99  1.5447 -3.571e-01  0.064  0.160    1.60  0.0512  0.063  0.278  0.001  0.008  1.000  0.024  0.500  0.005  0.000  0.000  0.000  0.000
17699.1   99  1.4503 -4.144e-01  0.064  0.160    1.60  0.0852  0.104  0.278  0.001  0.013  1.000  0.039  0.501  0.008  0.000  0.000  0.000  0.000
15037.6   99  1.2810 -3.909e-01  0.064  0.160    1.60  0.1073  0.131  0.278  0.002  0.017  1.000  0.050  0.501  0.011  0.000  0.000  0.000  0.000
13157.9   99  1.1847 -3.010e-01  0.064  0.160    1.60  0.0999  0.122  0.278  0.002  0.021  1.000  0.062  0.502  0.015  0.000  0.000  0.000  0.000
11111.1   99  1.1809 -1.024e-01  0.064  0.160    1.60  0.0401  0.049  0.278  0.003  0.029  1.000  0.088  0.504  0.020  0.001  0.000  0.000  0.000
 9708.7   99  1.2744 -4.969e-02  0.064  0.160    1.60  0.0216  0.027  0.278  0.014  0.040  1.000  0.118  0.506  0.026  0.001  0.000  0.000  0.000
 8849.6   99  1.3572 -5.682e-02  0.064  0.160    1.60  0.0262  0.032  0.278  0.028  0.049  1.000  0.148  0.510  0.031  0.002  0.000  0.000  0.000
 7782.1   99  1.2952 -3.595e-02  0.064  0.160    1.60  0.0200  0.025  0.278  0.041  0.060  1.000  0.180  0.514  0.039  0.003  0.000  0.000  0.000
 6968.6   99  1.3158 -2.758e-02  0.064  0.160    1.60  0.0175  0.022  0.278  0.074  0.074  1.000  0.222  0.521  0.048  0.004  0.000  0.000  0.000
 6097.6   99  1.3214 -9.760e-02  0.064  0.160    1.60  0.0690  0.085  0.278  0.034  0.093  1.000  0.278  0.532  0.061  0.007  0.001  0.000  0.000
 5154.6   99  1.3333 -4.667e-03  0.064  0.160    1.60  0.0091  0.011  0.278  0.343  0.126  1.000  0.376  0.558  0.085  0.012  0.002  0.000  0.000
 4618.9   99  1.3371 -1.552e-02  0.064  0.160    1.60  0.0216  0.027  0.278  0.359  0.150  1.000  0.449  0.581  0.105  0.017  0.003  0.001  0.000
 4319.7   99  1.3453 -9.664e-03  0.064  0.160    1.60  0.0195  0.024  0.278  0.508  0.167  1.000  0.501  0.599  0.119  0.022  0.004  0.001  0.000
 4016.1   99  1.3573 -4.756e-03  0.064  0.160    1.60  0.0190  0.023  0.278  0.730  0.188  1.000  0.563  0.624  0.137  0.028  0.006  0.001  0.000
 3418.8   99  1.4156 -1.815e-02  0.064  0.160    1.60  0.0557  0.068  0.278  0.591  0.243  1.000  0.727  0.694  0.185  0.046  0.011  0.003  0.001
 3444.7   99  1.4106 -1.487e-02  0.064  0.160    1.60  0.0499  0.061  0.278  0.632  0.240  1.000  0.719  0.690  0.183  0.045  0.011  0.003  0.001
 2777.0   99  1.2875 -2.127e-01  0.064  0.160    1.60  0.3370  0.412  0.278  0.367  0.279  1.000  0.837  0.772  0.270  0.084  0.025  0.008  0.002
 2320.2   99  1.2839  4.038e-02  0.064  0.160    1.60  0.0000  0.000  0.278  1.000  0.375  1.000  1.125  0.976  0.418  0.161  0.059  0.022  0.009
 2044.2   99  1.3099  3.725e-03  0.064  0.160    1.60  0.0884  0.109  0.278  0.969  0.426  1.000  1.278  1.109  0.529  0.229  0.093  0.038  0.016
 1778.4   99  1.3220 -2.020e-03  0.064  0.160    1.60  0.1512  0.185  0.278  0.975  0.483  1.000  1.450  1.283  0.685  0.332  0.148  0.068  0.030
 1455.2   99  1.3339 -1.801e-03  0.064  0.160    1.60  0.2738  0.335  0.278  0.977  0.561  1.000  1.684  1.569  0.965  0.541  0.275  0.140  0.069
 1270.3   99  1.3349 -1.277e-03  0.064  0.160    1.60  0.3823  0.468  0.278  0.985  0.609  1.000  1.826  1.780  1.198  0.729  0.402  0.221  0.117
  944.3   99  1.3397 -9.042e-04  0.064  0.160    1.60  0.7521  0.921  0.278  0.992  0.693  1.000  2.081  2.251  1.781  1.266  0.817  0.514  0.311
  693.5   99  1.3429 -5.590e-04  0.064  0.160    1.60  1.3338  1.634  0.278  0.996  0.755  1.000  2.263  2.695  2.427  1.960  1.444  1.023  0.697
  527.1   99  1.3458 -2.209e-02  0.064  0.160    1.60  1.9617  2.403  0.278  0.864  0.799  1.000  2.398  3.036  2.993  2.639  2.148  1.666  1.252
  399.8   99  1.3510 -3.334e-02  0.064  0.160    1.60  2.4839  3.043  0.278  0.810  0.827  1.000  2.482  3.296  3.474  3.295  2.913  2.458  2.015
  329.1   99  1.3563 -4.669e-02  0.064  0.160    1.60  2.6940  3.300  0.278  0.744  0.844  1.000  2.533  3.452  3.785  3.759  3.501  3.121  2.708
  229.8   99  1.3749 -7.978e-02  0.064  0.160    1.60  2.7134  3.324  0.278  0.616  0.872  1.000  2.617  3.724  4.357  4.660  4.717  4.593  4.357
 7082.2   99  1.3171 -3.112e-02  0.064  0.160    1.60  0.0193  0.024  0.278  0.067  0.072  1.000  0.216  0.520  0.047  0.004  0.000  0.000  0.000
